system	ring	det_ids
Ca40Ni58E140	2	1	2	3	4	5	6	7	8	9	10
Ca40Ni58E140	3	1	2	8	9	10	11	12
Ca40Ni58E140	4	1	2	3	7	8	9	10	11	12
Ca40Ni58E140	5	1	2	3	7	8	9	10	11	12	13	14
Ca40Ni58E140	7	1	2	3	4	5	6	7	8	9	10	11	12
Ca40Ni58E140	8	1	2	3	4	5	6	7	8	9	10
Ca48Ni64E140	2	1	2	3	4	5	6	7	8	9	10
Ca48Ni64E140	3	1	2	8	9	10	11	12
Ca48Ni64E140	4	1	2	3	7	8	9	10	11	12
Ca48Ni64E140	5	1	2	3	7	8	9	10	11	12	13	14
Ca48Ni64E140	7	1	2	3	4	5	6	7	8	9	10	11	12
Ca48Ni64E140	8	1	2	3	5	6	7	8	9	10
Ca40Ni58E56	2	1	2	3	4	5	6	7	8	9	10
Ca40Ni58E56	3	1	2	8	9	10	11	12
Ca40Ni58E56	4	1	2	3	7	8	9	10	11	12
Ca40Ni58E56	5	1	2	3	7	8	9	10	11	12	13	14
Ca40Ni58E56	7	1	2	3	4	5	6	7	8	9	10	11	12
Ca40Ni58E56	8	1	2	3	4	5	6	7	8	9	10
Ca48Ni64E56	2	1	2	3	4	5	6	7	8	9	10
Ca48Ni64E56	3	1	2	8	9	10	11	12
Ca48Ni64E56	4	1	2	3	7	8	9	10	11	12
Ca48Ni64E56	5	1	2	3	7	8	9	10	11	12	13	14
Ca48Ni64E56	7	1	2	3	4	5	6	7	8	9	10	11	12
Ca48Ni64E56	8	1	2	3	4	5	6	7	8	9	10
Ca40Sn112E140	2	1	2	3	4	5	6	7	8	9	10
Ca40Sn112E140	3	1	2	8	9	10	11	12
Ca40Sn112E140	4	1	2	3	7	8	9	10	11	12
Ca40Sn112E140	5	1	2	3	7	8	9	10	11	12	13	14
Ca40Sn112E140	7	1	2	3	4	5	6	7	8	9	10	11	12
Ca40Sn112E140	8	1	2	3	4	5	6	7	8	9	10
Ca48Sn124E140	2	1	2	3	4	5	6	7	8	9	10
Ca48Sn124E140	3	1	2	8	9	10	11	12
Ca48Sn124E140	4	1	2	3	7	8	9	10	11	12
Ca48Sn124E140	5	1	2	3	7	8	9	10	11	12	13	14
Ca48Sn124E140	7	1	2	3	4	5	6	7	8	9	10	11	12
Ca48Sn124E140	8	1	2	3	5	6	7	8	9	10
Ca40Sn112E56	2	1	2	3	4	5	6	7	8	9	10
Ca40Sn112E56	3	1	2	8	9	10	11	12
Ca40Sn112E56	4	1	2	3	7	8	9	10	11	12
Ca40Sn112E56	5	1	2	3	7	8	9	10	11	12	13	14
Ca40Sn112E56	7	1	2	3	4	5	6	7	8	9	10	11	12
Ca40Sn112E56	8	1	2	3	4	5	6	7	8	9	10
Ca48Sn124E56	2	1	2	3	4	5	6	7	8	9	10
Ca48Sn124E56	3	1	2	7	8	9	10	11	12
Ca48Sn124E56	4	1	2	3	7	8	9	10	11	12
Ca48Sn124E56	5	1	2	3	7	8	9	10	11	12	13	14
Ca48Sn124E56	7	1	2	3	4	5	6	7	8	9	10	11	12
Ca48Sn124E56	8	1	2	3	4	5	6	7	8	9	10
