ring A Z kinergy_MeV
2 1 1 4.0199
2 2 1 5.1746
2 3 1 5.9605
2 4 1 6.992266670442508
2 5 1 7.9625666723304285
2 6 1 8.93286667421835
2 7 1 9.903166676106268
2 3 2 14.45
2 4 2 16.0414
2 6 2 18.5632
2 8 2 20.4898
2 5 2 17.08601355905409
2 7 2 19.48670508662135
2 9 2 21.88739661418861
2 10 2 23.087742377972237
2 6 3 30.5553
2 7 3 32.2395
2 8 3 33.7419
2 9 3 35.0819
2 11 3 37.3988
2 3 3 26.732632416522684
2 4 3 28.092410798181355
2 5 3 29.452189179840026
2 10 3 36.25108108813338
2 12 3 38.97063785145072
2 13 3 40.33041623310939
2 9 4 49.4077
2 10 4 51.1737
2 11 4 52.8036
2 12 4 54.2917
2 5 4 42.964130000080566
2 6 4 44.59232000008194
2 7 4 46.22051000008332
2 8 4 47.848700000084705
2 13 4 55.989650000091586
2 14 4 57.61784000009297
2 15 4 59.24603000009435
2 16 4 60.874220000095725
2 8 5 61.9965
2 10 5 66.8471
2 11 5 68.9806
2 12 5 70.9678
2 6 5 57.617188535420425
2 7 5 59.871497115321496
2 9 5 64.38011427512365
2 13 5 73.39734859472796
2 14 5 75.65165717462904
2 15 5 77.90596575453011
2 16 5 80.1602743344312
2 17 5 82.41458291433227
2 18 5 84.66889149423335
2 19 5 86.92320007413441
2 20 5 89.17750865403549
2 21 5 91.43181723393657
2 12 6 88.3833
2 13 6 90.7091
2 14 6 92.8763
2 15 6 94.9222
2 16 6 96.8338
2 8 6 80.07648000015497
2 9 6 82.18789000015741
2 10 6 84.29930000015983
2 11 6 86.41071000016225
2 17 6 99.07917000017683
2 18 6 101.19058000017927
2 19 6 103.30199000018169
2 20 6 105.41340000018411
2 21 6 107.52481000018653
2 22 6 109.63622000018897
2 23 6 111.7476300001914
2 14 7 111.8263
2 15 7 114.2883
2 16 7 116.6259
2 17 7 118.8188
2 18 7 120.9046
2 10 7 102.88052000020036
2 11 7 105.14923000020315
2 12 7 107.41794000020592
2 13 7 109.68665000020869
2 19 7 123.29891000022533
2 20 7 125.5676200002281
2 21 7 127.83633000023087
2 22 7 130.10504000023366
2 23 7 132.37375000023644
2 24 7 134.6424600002392
2 25 7 136.91117000024198
2 16 8 146.7551
2 17 8 139.3471
2 18 8 141.7872
2 19 8 144.1088
2 20 8 146.3081
2 11 8 140.95387000028123
2 12 8 141.3406400002799
2 13 8 141.72741000027855
2 14 8 142.11418000027723
2 15 8 142.5009500002759
2 21 8 144.8215700002679
2 22 8 145.2083400002666
2 23 8 145.59511000026527
2 24 8 145.9818800002639
2 25 8 146.3686500002626
2 26 8 146.75542000026127
2 27 8 147.14219000025994
2 28 8 147.5289600002586
2 18 9 163.2298
2 19 9 165.8983
2 20 9 168.4418
2 21 9 170.8591
2 22 9 173.1706
2 13 9 150.93023993681788
2 14 9 153.4144799458439
2 15 9 155.89871995486993
2 16 9 158.38295996389593
2 17 9 160.86719997292195
2 23 9 175.77264002707804
2 24 9 178.25688003610406
2 25 9 180.7411200451301
2 26 9 183.2253600541561
2 27 9 185.7096000631821
2 28 9 188.1938400722081
2 29 9 190.67808008123416
2 30 9 193.16232009026015
2 31 9 195.64656009928618
2 20 10 190.9081
2 21 10 193.6596
2 22 10 196.27
2 23 10 198.7762
2 15 10 177.86392000035306
2 16 10 180.4853900003566
2 17 10 183.10686000036014
2 18 10 185.72833000036366
2 19 10 188.3498000003672
2 24 10 201.4571500003849
2 25 10 204.0786200003884
2 26 10 206.70009000039198
2 27 10 209.3215600003955
2 28 10 211.94303000039903
2 29 10 214.56450000040257
2 30 10 217.18597000040612
2 31 10 219.80744000040966
2 32 10 222.42891000041317
2 33 10 225.05038000041674
2 34 10 227.67185000042025
2 20 11 213.6367
2 21 11 216.6482
2 22 11 219.5418
2 23 11 222.3159
2 17 11 205.01661002843744
2 18 11 207.90973002219863
2 19 11 210.8028500159598
2 24 11 225.26844998476565
2 25 11 228.1615699785268
2 26 11 231.054689972288
2 27 11 233.9478099660492
2 28 11 236.84092995981035
2 29 11 239.7340499535715
2 30 11 242.6271699473327
2 31 11 245.5202899410939
2 32 11 248.41340993485505
2 33 11 251.30652992861621
2 34 11 254.1996499223774
2 35 11 257.0927699161386
2 36 11 259.98588990989975
2 37 11 262.8790099036609
2 38 11 265.77212989742213
2 39 11 268.6652498911833
2 21 12 240.4919
2 22 12 243.6497
2 23 12 246.7123
2 24 12 249.6308
2 19 12 234.4534200004677
2 20 12 237.50135000047214
2 25 12 252.74100000049452
2 26 12 255.788930000499
2 27 12 258.83686000050346
2 28 12 261.88479000050796
2 29 12 264.9327200005124
2 30 12 267.9806500005169
2 31 12 271.0285800005214
2 32 12 274.07651000052584
2 33 12 277.1244400005303
2 34 12 280.1723700005348
2 35 12 283.2203000005393
2 36 12 286.2682300005437
2 37 12 289.3161600005482
2 38 12 292.36409000055266
2 39 12 295.41202000055716
2 40 12 298.45995000056166
2 41 12 301.5078800005661
2 26 13 280.9568
2 27 13 283.8111
2 28 13 286.566
2 29 13 289.2131
2 21 13 267.2462800005349
2 22 13 269.99866000053873
2 23 13 272.75104000054256
2 24 13 275.5034200005464
2 25 13 278.2558000005502
2 30 13 292.0177000005693
2 31 13 294.7700800005731
2 32 13 297.5224600005769
2 33 13 300.27484000058075
2 34 13 303.0272200005846
2 35 13 305.7796000005884
2 36 13 308.5319800005922
2 37 13 311.28436000059605
2 38 13 314.0367400005999
2 39 13 316.7891200006037
2 40 13 319.5415000006075
2 41 13 322.29388000061135
2 42 13 325.0462600006152
2 43 13 327.798640000619
2 30 14 319.2316
2 31 14 321.945
2 32 14 324.5525
2 33 14 327.0883
2 22 14 298.33563000060064
2 23 14 300.95339000060414
2 24 14 303.5711500006077
2 25 14 306.1889100006112
2 26 14 308.8066700006147
2 27 14 311.42443000061826
2 28 14 314.04219000062176
2 29 14 316.65995000062526
2 34 14 329.7487500006429
2 35 14 332.3665100006464
2 36 14 334.9842700006499
2 37 14 337.6020300006534
2 38 14 340.21979000065693
2 39 14 342.8375500006604
2 40 14 345.455310000664
2 41 14 348.0730700006675
2 42 14 350.690830000671
2 43 14 353.3085900006745
2 44 14 355.926350000678
2 45 14 358.54411000068154
2 30 15 347.9386
2 31 15 350.9135
2 32 15 353.7962
2 33 15 356.595
2 34 15 359.3115
2 24 15 330.96911986201906
2 25 15 333.8118498792667
2 26 15 336.6545798965143
2 27 15 339.4973099137619
2 28 15 342.3400399310095
2 29 15 345.18276994825715
2 35 15 362.2391500517429
2 36 15 365.08188006899053
2 37 15 367.92461008623815
2 38 15 370.76734010348576
2 39 15 373.6100701207334
2 40 15 376.452800137981
2 41 15 379.2955301552286
2 42 15 382.13826017247624
2 43 15 384.98099018972385
2 44 15 387.82372020697153
2 45 15 390.66645022421915
2 46 15 393.50918024146677
2 47 15 396.3519102587144
2 32 16 381.2051
2 33 16 384.1872
2 34 16 387.0526
2 35 16 389.8324
2 26 16 364.008850000735
2 27 16 366.8835800007391
2 28 16 369.75831000074317
2 29 16 372.63304000074726
2 30 16 375.50777000075135
2 31 16 378.38250000075544
2 36 16 392.75615000077585
2 37 16 395.63088000077994
2 38 16 398.50561000078403
2 39 16 401.3803400007881
2 40 16 404.2550700007922
2 41 16 407.1298000007963
2 42 16 410.0045300008004
2 43 16 412.8792600008045
2 44 16 415.7539900008086
2 45 16 418.6287200008127
2 46 16 421.50345000081677
2 47 16 424.37818000082086
2 48 16 427.25291000082495
2 49 16 430.12764000082905
2 32 17 409.9005
2 33 17 413.0809
2 34 17 416.1619
2 35 17 419.1361
2 28 17 397.6365600008045
2 29 17 400.71534000080896
2 30 17 403.79412000081345
2 31 17 406.8729000008179
2 36 17 422.26680000084025
2 37 17 425.34558000084473
2 38 17 428.4243600008492
2 39 17 431.50314000085365
2 40 17 434.58192000085813
2 41 17 437.6607000008626
2 42 17 440.73948000086705
2 43 17 443.81826000087153
2 44 17 446.897040000876
2 45 17 449.9758200008805
2 46 17 453.054600000885
2 47 17 456.1333800008894
2 48 17 459.2121600008939
2 49 17 462.2909400008984
2 50 17 465.3697200009028
2 51 17 468.4485000009073
2 52 17 471.5272800009118
2 32 18 438.9426
2 33 18 442.3596
2 34 18 445.6504
2 35 18 448.8592
2 29 18 429.08468000087055
2 30 18 432.38874000087554
2 31 18 435.69280000088054
2 36 18 452.2131000009055
2 37 18 455.5171600009105
2 38 18 458.8212200009155
2 39 18 462.1252800009205
2 40 18 465.42934000092544
2 41 18 468.7334000009305
2 42 18 472.0374600009354
2 43 18 475.3415200009405
2 44 18 478.6455800009454
2 45 18 481.94964000095047
2 46 18 485.2537000009554
2 47 18 488.55776000096046
2 48 18 491.8618200009654
2 49 18 495.16588000097045
2 50 18 498.4699400009754
2 51 18 501.77400000098044
2 52 18 505.0780600009854
2 53 18 508.3821200009904
2 54 18 511.68618000099536
2 39 19 491.0215
2 40 19 493.9471
2 41 19 496.7727
2 42 19 499.5296
2 43 19 502.2056
2 44 19 504.8027
2 31 19 469.11501333428674
2 32 19 471.87039619143343
2 33 19 474.6257790485801
2 34 19 477.3811619057268
2 35 19 480.1365447628735
2 36 19 482.89192762002017
2 37 19 485.6473104771669
2 38 19 488.40269333431354
2 45 19 507.6903733343404
2 46 19 510.4457561914871
2 47 19 513.2011390486338
2 48 19 515.9565219057805
2 49 19 518.7119047629271
2 50 19 521.4672876200739
2 51 19 524.2226704772206
2 52 19 526.9780533343672
2 53 19 529.7334361915139
2 54 19 532.4888190486606
2 55 19 535.2442019058074
2 56 19 537.999584762954
2 57 19 540.7549676201007
2 58 19 543.5103504772474
2 59 19 546.2657333343941
2 40 20 524.8123
2 41 20 527.8365
2 42 20 530.7645
2 43 20 533.6089
2 33 20 504.33542000167034
2 34 20 507.2672000014745
2 35 20 510.1989800012787
2 36 20 513.1307600010829
2 37 20 516.0625400008871
2 38 20 518.9943200006912
2 39 20 521.9261000004955
2 44 20 536.5849999995164
2 45 20 539.5167799993205
2 46 20 542.4485599991247
2 47 20 545.3803399989289
2 48 20 548.3121199987331
2 49 20 551.2438999985372
2 50 20 554.1756799983414
2 51 20 557.1074599981456
2 52 20 560.0392399979498
2 53 20 562.971019997754
2 54 20 565.9027999975582
2 55 20 568.8345799973623
2 56 20 571.7663599971665
2 57 20 574.6981399969707
2 58 20 577.6299199967749
2 59 20 580.561699996579
2 60 20 583.4934799963833
2 61 20 586.4252599961874
2 42 21 562.4548
2 43 21 565.4651
2 44 21 568.399
2 45 21 571.2518
2 35 21 541.9665098227318
2 36 21 544.8989998435869
2 37 21 547.831489864442
2 38 21 550.7639798852971
2 39 21 553.6964699061522
2 40 21 556.6289599270073
2 41 21 559.5614499478623
2 46 21 574.2239000521377
2 47 21 577.1563900729927
2 48 21 580.0888800938478
2 49 21 583.0213701147029
2 50 21 585.953860135558
2 51 21 588.8863501564131
2 52 21 591.8188401772682
2 53 21 594.7513301981232
2 54 21 597.6838202189783
2 55 21 600.6163102398334
2 56 21 603.5488002606885
2 57 21 606.4812902815435
2 58 21 609.4137803023985
2 59 21 612.3462703232536
2 60 21 615.2787603441087
2 61 21 618.2112503649638
2 62 21 621.1437403858189
2 63 21 624.076230406674
2 46 22 606.0712
2 47 22 608.9092
2 48 22 611.6721
2 49 22 614.36
2 37 22 581.2423600011847
2 38 22 584.0052900011885
2 39 22 586.7682200011924
2 40 22 589.5311500011962
2 41 22 592.2940800012001
2 42 22 595.0570100012039
2 43 22 597.8199400012079
2 44 22 600.5828700012117
2 45 22 603.3458000012156
2 50 22 617.1604500012348
2 51 22 619.9233800012387
2 52 22 622.6863100012426
2 53 22 625.4492400012464
2 54 22 628.2121700012503
2 55 22 630.9751000012542
2 56 22 633.738030001258
2 57 22 636.5009600012619
2 58 22 639.2638900012657
2 59 22 642.0268200012696
2 60 22 644.7897500012734
2 61 22 647.5526800012773
2 62 22 650.3156100012811
2 63 22 653.0785400012851
2 64 22 655.8414700012888
2 65 22 658.6044000012928
2 44 23 632.1296
2 45 23 635.2791
2 46 23 638.3526
2 47 23 641.3423
2 39 23 616.8133600012578
2 40 23 619.8845200012624
2 41 23 622.955680001267
2 42 23 626.0268400012715
2 43 23 629.098000001276
2 48 23 644.4538000012988
2 49 23 647.5249600013033
2 50 23 650.5961200013079
2 51 23 653.6672800013124
2 52 23 656.7384400013169
2 53 23 659.8096000013215
2 54 23 662.880760001326
2 55 23 665.9519200013306
2 56 23 669.0230800013352
2 57 23 672.0942400013397
2 58 23 675.1654000013442
2 59 23 678.2365600013488
2 60 23 681.3077200013533
2 61 23 684.3788800013579
2 62 23 687.4500400013624
2 63 23 690.521200001367
2 64 23 693.5923600013715
2 65 23 696.6635200013761
2 66 23 699.7346800013806
2 67 23 702.8058400013851
2 48 24 675.9923
2 49 24 678.9376
2 50 24 681.7927
2 51 24 684.5718
2 41 24 656.0190400013388
2 42 24 658.8784000013429
2 43 24 661.7377600013469
2 44 24 664.5971200013511
2 45 24 667.4564800013552
2 46 24 670.3158400013593
2 47 24 673.1752000013635
2 52 24 687.4720000013839
2 53 24 690.331360001388
2 54 24 693.1907200013922
2 55 24 696.0500800013963
2 56 24 698.9094400014003
2 57 24 701.7688000014044
2 58 24 704.6281600014086
2 59 24 707.4875200014126
2 60 24 710.3468800014167
2 61 24 713.2062400014208
2 62 24 716.065600001425
2 63 24 718.9249600014291
2 64 24 721.7843200014331
2 65 24 724.6436800014372
2 66 24 727.5030400014414
2 67 24 730.3624000014454
2 68 24 733.2217600014495
2 69 24 736.0811200014537
2 70 24 738.9404800014578
2 48 25 708.3917
2 49 25 711.449
2 50 25 714.4233
2 51 25 717.3071
2 43 25 693.5744500025028
2 44 25 696.5465000021178
2 45 25 699.5185500017327
2 46 25 702.4906000013477
2 47 25 705.4626500009626
2 52 25 720.3228999990374
2 53 25 723.2949499986523
2 54 25 726.2669999982672
2 55 25 729.2390499978821
2 56 25 732.2110999974972
2 57 25 735.1831499971121
2 58 25 738.1551999967271
2 59 25 741.127249996342
2 60 25 744.0992999959569
2 61 25 747.0713499955718
2 62 25 750.0433999951869
2 63 25 753.0154499948018
2 64 25 755.9874999944168
2 65 25 758.9595499940317
2 66 25 761.9315999936466
2 67 25 764.9036499932615
2 68 25 767.8756999928765
2 69 25 770.8477499924915
2 70 25 773.8197999921065
2 71 25 776.7918499917214
2 72 25 779.7638999913363
2 73 25 782.7359499909512
2 48 26 741.1095
2 49 26 744.3049
2 50 26 747.3977
2 51 26 750.4245
2 45 26 731.8421400014955
2 46 26 734.9459200015001
2 47 26 738.0497000015047
2 52 26 753.5686000015278
2 53 26 756.6723800015324
2 54 26 759.7761600015369
2 55 26 762.8799400015416
2 56 26 765.9837200015462
2 57 26 769.0875000015508
2 58 26 772.1912800015555
2 59 26 775.29506000156
2 60 26 778.3988400015646
2 61 26 781.5026200015693
2 62 26 784.6064000015739
2 63 26 787.7101800015785
2 64 26 790.8139600015832
2 65 26 793.9177400015877
2 66 26 797.0215200015923
2 67 26 800.125300001597
2 68 26 803.2290800016016
2 69 26 806.3328600016062
2 70 26 809.4366400016107
2 71 26 812.5404200016154
2 72 26 815.64420000162
2 73 26 818.7479800016246
2 74 26 821.8517600016291
2 75 26 824.9555400016338
2 76 26 828.0593200016384
2 54 27 791.9842
2 55 27 794.796
2 56 27 797.4816
2 57 27 800.1105
2 47 27 773.0882500015815
2 48 27 775.7947000015852
2 49 27 778.5011500015889
2 50 27 781.2076000015927
2 51 27 783.9140500015964
2 52 27 786.6205000016001
2 53 27 789.3269500016038
2 58 27 802.8592000016225
2 59 27 805.5656500016262
2 60 27 808.27210000163
2 61 27 810.9785500016337
2 62 27 813.6850000016374
2 63 27 816.3914500016411
2 64 27 819.0979000016448
2 65 27 821.8043500016486
2 66 27 824.5108000016523
2 67 27 827.2172500016561
2 68 27 829.9237000016598
2 69 27 832.6301500016635
2 70 27 835.3366000016672
2 71 27 838.043050001671
2 72 27 840.7495000016747
2 73 27 843.4559500016784
2 74 27 846.1624000016822
2 75 27 848.8688500016858
2 76 27 851.5753000016896
2 77 27 854.2817500016934
2 78 27 856.988200001697
2 55 28 830.4657
2 56 28 833.3205
2 57 28 836.1173
2 58 28 838.8241
2 48 28 810.9906999650655
2 49 28 813.7778999691648
2 50 28 816.5650999732641
2 51 28 819.3522999773634
2 52 28 822.1394999814626
2 53 28 824.9266999855619
2 54 28 827.7138999896612
2 59 28 841.6499000101575
2 60 28 844.4371000142568
2 61 28 847.224300018356
2 62 28 850.0115000224553
2 63 28 852.7987000265546
2 64 28 855.5859000306539
2 65 28 858.3731000347531
2 66 28 861.1603000388524
2 67 28 863.9475000429516
2 68 28 866.7347000470509
2 69 28 869.5219000511502
2 70 28 872.3091000552495
2 71 28 875.0963000593487
2 72 28 877.883500063448
2 73 28 880.6707000675472
2 74 28 883.4579000716465
2 75 28 886.2451000757458
2 76 28 889.0323000798451
2 77 28 891.8195000839443
2 78 28 894.6067000880436
2 79 28 897.3939000921429
2 80 28 900.1811000962421
2 81 28 902.9683001003414
2 82 28 905.7555001044407
3 1 1 3.7425
3 2 1 4.8076
3 3 1 5.5304
3 4 1 6.481400003852434
3 5 1 7.3753500059737025
3 6 1 8.26930000809497
3 7 1 9.163250010216238
3 3 2 13.4513
3 4 2 14.9218
3 5 2 16.1704
3 6 2 17.566933331615367
3 7 2 18.926483330678295
3 8 2 20.286033329741223
3 9 2 21.64558332880415
3 10 2 23.005133327867078
3 6 3 28.3748
3 7 3 29.9061
3 8 3 31.2625
3 9 3 32.4661
3 3 3 24.368740000044415
3 4 3 25.73177000004521
3 5 3 27.094800000046
3 10 3 33.90995000004996
3 11 3 35.27298000005076
3 12 3 36.636010000051556
3 13 3 37.99904000005235
3 9 4 45.791
3 10 4 47.3908
3 11 4 48.8567
3 12 4 50.2012
3 5 4 39.976850000446134
3 6 4 41.44650000036502
3 7 4 42.916150000283906
3 8 4 44.38580000020279
3 13 4 51.734049999797215
3 14 4 53.2036999997161
3 15 4 54.673349999634986
3 16 4 56.14299999955387
3 10 5 61.9367
3 11 5 63.8688
3 12 5 65.6612
3 13 5 67.322
3 6 5 54.82561000010432
3 7 5 56.62044000010606
3 8 5 58.41527000010778
3 9 5 60.21010000010952
3 14 5 69.18425000011817
3 15 5 70.97908000011991
3 16 5 72.77391000012165
3 17 5 74.56874000012337
3 18 5 76.3635700001251
3 19 5 78.15840000012683
3 20 5 79.95323000012857
3 21 5 81.7480600001303
3 14 6 85.8708
3 15 6 87.71
3 17 6 91.0473
3 18 6 92.5656
3 8 6 75.91690500014589
3 9 6 77.58959500014737
3 10 6 79.26228500014884
3 11 6 80.93497500015032
3 12 6 82.60766500015178
3 13 6 84.28035500015326
3 16 6 89.29842500015768
3 19 6 94.3164950001621
3 20 6 95.98918500016357
3 21 6 97.66187500016505
3 22 6 99.33456500016652
3 23 6 101.00725500016799
3 17 7 109.7133
3 18 7 111.5787
3 19 7 113.3337
3 20 7 115.0069
3 10 7 97.4177199571426
3 11 7 99.18129996218464
3 12 7 100.94487996722668
3 13 7 102.70845997226874
3 14 7 104.47203997731079
3 15 7 106.23561998235283
3 16 7 107.99919998739489
3 21 7 116.81710001260512
3 22 7 118.58068001764717
3 23 7 120.34426002268921
3 24 7 122.10784002773127
3 25 7 123.87142003277332
3 16 8 126.3597
3 17 8 128.6829
3 18 8 130.8694
3 19 8 132.9413
3 11 8 115.45798000022569
3 12 8 117.6511100002283
3 13 8 119.8442400002309
3 14 8 122.0373700002335
3 15 8 124.2305000002361
3 20 8 135.1961500002491
3 21 8 137.38928000025172
3 22 8 139.5824100002543
3 23 8 141.7755400002569
3 24 8 143.96867000025952
3 25 8 146.16180000026213
3 26 8 148.35493000026472
3 27 8 150.54806000026733
3 28 8 152.7411900002699
3 18 9 150.683
3 19 9 153.0658
3 20 9 155.3375
3 21 9 157.4861
3 13 9 139.4004500002735
3 14 9 141.6685500002763
3 15 9 143.93665000027906
3 16 9 146.20475000028182
3 17 9 148.47285000028458
3 22 9 159.81335000029844
3 23 9 162.0814500003012
3 24 9 164.34955000030396
3 25 9 166.61765000030672
3 26 9 168.88575000030949
3 27 9 171.15385000031227
3 28 9 173.42195000031504
3 29 9 175.6900500003178
3 30 9 177.9581500003206
3 31 9 180.22625000032335
3 20 10 176.0679
3 21 10 178.514
3 22 10 180.8364
3 23 10 183.0565
3 15 10 164.48137000032398
3 16 10 166.81019000032688
3 17 10 169.13901000032973
3 18 10 171.46783000033264
3 19 10 173.7966500003355
3 24 10 185.4407500003499
3 25 10 187.7695700003528
3 26 10 190.09839000035566
3 27 10 192.42721000035854
3 28 10 194.75603000036142
3 29 10 197.0848500003643
3 30 10 199.41367000036718
3 31 10 201.74249000037005
3 32 10 204.07131000037293
3 33 10 206.4001300003758
3 34 10 208.7289500003787
3 22 11 202.2564
3 23 11 204.7121
3 24 11 207.067
3 25 11 209.3102
3 17 11 190.55083000037658
3 18 11 192.9024600003795
3 19 11 195.25409000038243
3 20 11 197.60572000038536
3 21 11 199.9573500003883
3 26 11 211.71550000040293
3 27 11 214.06713000040583
3 28 11 216.41876000040875
3 29 11 218.77039000041168
3 30 11 221.1220200004146
3 31 11 223.47365000041754
3 32 11 225.82528000042046
3 33 11 228.1769100004234
3 34 11 230.52854000042632
3 35 11 232.88017000042925
3 36 11 235.23180000043217
3 37 11 237.5834300004351
3 38 11 239.935060000438
3 39 11 242.28669000044096
3 24 12 229.7688
3 25 12 232.2774
3 26 12 234.6616
3 27 12 236.9579
3 19 12 217.84795000043158
3 20 12 220.24310000043465
3 21 12 222.63825000043767
3 22 12 225.0334000004407
3 23 12 227.42855000044375
3 28 12 239.40430000045896
3 29 12 241.799450000462
3 30 12 244.19460000046504
3 31 12 246.5897500004681
3 32 12 248.98490000047113
3 33 12 251.38005000047417
3 34 12 253.7752000004772
3 35 12 256.17035000048025
3 36 12 258.5655000004833
3 37 12 260.96065000048634
3 38 12 263.35580000048935
3 39 12 265.7509500004924
3 40 12 268.1461000004955
3 41 12 270.5412500004985
3 26 13 258.3977
3 27 13 260.9269
3 28 13 263.3629
3 29 13 265.6942
3 21 13 246.2838500004891
3 22 13 248.71640000049226
3 23 13 251.1489500004954
3 24 13 253.58150000049852
3 25 13 256.01405000050164
3 30 13 268.17680000051735
3 31 13 270.6093500005205
3 32 13 273.04190000052364
3 33 13 275.47445000052676
3 34 13 277.90700000052993
3 35 13 280.33955000053305
3 36 13 282.77210000053617
3 37 13 285.20465000053935
3 38 13 287.63720000054246
3 39 13 290.0697500005456
3 40 13 292.50230000054876
3 41 13 294.9348500005519
3 42 13 297.367400000555
3 43 13 299.79995000055817
3 28 14 288.1624
3 29 14 290.7319
3 30 14 293.2085
3 31 14 295.5956
3 22 14 273.34244992979905
3 23 14 275.82006993918577
3 24 14 278.2976899485725
3 25 14 280.7753099579592
3 26 14 283.25292996734595
3 27 14 285.7305499767327
3 32 14 298.11865002366625
3 33 14 300.596270033053
3 34 14 303.0738900424397
3 35 14 305.5515100518264
3 36 14 308.02913006121315
3 37 14 310.5067500705999
3 38 14 312.9843700799866
3 39 14 315.46199008937333
3 40 14 317.93961009876
3 41 14 320.4172301081467
3 42 14 322.89485011753345
3 43 14 325.3724701269202
3 44 14 327.8500901363069
3 45 14 330.32771014569363
3 30 15 319.7116
3 31 15 322.3463
3 32 15 324.8955
3 33 15 327.3537
3 24 15 304.47015000060935
3 25 15 307.01770000061276
3 26 15 309.5652500006162
3 27 15 312.1128000006196
3 28 15 314.66035000062294
3 29 15 317.20790000062635
3 34 15 329.9456500006433
3 35 15 332.4932000006467
3 36 15 335.04075000065006
3 37 15 337.5883000006535
3 38 15 340.1358500006569
3 39 15 342.68340000066024
3 40 15 345.23095000066365
3 41 15 347.778500000667
3 42 15 350.3260500006704
3 43 15 352.87360000067383
3 44 15 355.42115000067724
3 45 15 357.9687000006806
3 46 15 360.516250000684
3 47 15 363.06380000068737
3 34 16 355.0671
3 35 16 357.5053
3 36 16 359.8517
3 37 16 362.1431
3 26 16 336.24611999214244
3 27 16 338.6035599929709
3 28 16 340.9609999937993
3 29 16 343.3184399946278
3 30 16 345.6758799954563
3 31 16 348.0333199962847
3 32 16 350.39075999711315
3 33 16 352.74819999794164
3 38 16 364.5354000020839
3 39 16 366.89284000291235
3 40 16 369.25028000374084
3 41 16 371.6077200045693
3 42 16 373.9651600053977
3 43 16 376.3226000062262
3 44 16 378.68004000705463
3 45 16 381.0374800078831
3 46 16 383.39492000871155
3 47 16 385.75236000954
3 48 16 388.1098000103685
3 49 16 390.4672400111969
3 35 17 384.3771
3 36 17 386.924
3 37 17 389.3726
3 38 17 391.7454
3 28 17 367.23430000073745
3 29 17 369.68965000074064
3 30 17 372.14500000074383
3 31 17 374.6003500007471
3 32 17 377.0557000007503
3 33 17 379.51105000075347
3 34 17 381.96640000075666
3 39 17 394.2431500007727
3 40 17 396.6985000007759
3 41 17 399.15385000077913
3 42 17 401.6092000007823
3 43 17 404.0645500007855
3 44 17 406.5199000007887
3 45 17 408.9752500007919
3 46 17 411.43060000079515
3 47 17 413.88595000079835
3 48 17 416.34130000080154
3 49 17 418.79665000080473
3 50 17 421.2520000008079
3 51 17 423.7073500008112
3 52 17 426.16270000081437
3 37 18 417.0098
3 38 18 419.5384
3 39 18 422.0147
3 40 18 424.4009
3 29 18 397.3238300008011
3 30 18 399.7887900008043
3 31 18 402.2537500008075
3 32 18 404.7187100008107
3 33 18 407.1836700008139
3 34 18 409.6486300008171
3 35 18 412.1135900008203
3 36 18 414.5785500008235
3 41 18 426.9033500008395
3 42 18 429.3683100008427
3 43 18 431.8332700008459
3 44 18 434.2982300008491
3 45 18 436.7631900008523
3 46 18 439.2281500008555
3 47 18 441.6931100008587
3 48 18 444.1580700008619
3 49 18 446.6230300008651
3 50 18 449.08799000086833
3 51 18 451.55295000087153
3 52 18 454.01791000087474
3 53 18 456.48287000087794
3 54 18 458.94783000088114
3 40 19 452.2943
3 41 19 454.7375
3 42 19 457.1202
3 43 19 459.428
3 31 19 430.9220100008703
3 32 19 433.3003900008732
3 33 19 435.6787700008763
3 34 19 438.05715000087923
3 35 19 440.43553000088224
3 36 19 442.81391000088524
3 37 19 445.19229000088825
3 38 19 447.57067000089125
3 39 19 449.94905000089426
3 44 19 461.84095000090923
3 45 19 464.21933000091224
3 46 19 466.59771000091524
3 47 19 468.97609000091825
3 48 19 471.35447000092125
3 49 19 473.73285000092426
3 50 19 476.1112300009272
3 51 19 478.48961000093027
3 52 19 480.8679900009332
3 53 19 483.2463700009362
3 54 19 485.62475000093923
3 55 19 488.00313000094224
3 56 19 490.38151000094524
3 57 19 492.75989000094825
3 58 19 495.13827000095125
3 59 19 497.5166500009542
3 40 20 480.5765
3 41 20 483.1978
3 42 20 485.7217
3 43 20 488.1694
3 33 20 462.9091400009354
3 34 20 465.4394000009387
3 35 20 467.9696600009421
3 36 20 470.4999200009454
3 37 20 473.0301800009488
3 38 20 475.5604400009521
3 39 20 478.0907000009555
3 44 20 490.74200000097227
3 45 20 493.2722600009756
3 46 20 495.802520000979
3 47 20 498.3327800009823
3 48 20 500.8630400009857
3 49 20 503.39330000098903
3 50 20 505.9235600009924
3 51 20 508.45382000099573
3 52 20 510.9840800009991
3 53 20 513.5143400010024
3 54 20 516.0446000010058
3 55 20 518.5748600010091
3 56 20 521.1051200010124
3 57 20 523.6353800010158
3 58 20 526.1656400010193
3 59 20 528.6959000010226
3 60 20 531.2261600010258
3 61 20 533.7564200010293
3 41 21 512.1008
3 42 21 514.7784
3 43 21 517.3671
3 44 21 519.8967
3 35 21 496.55345000100493
3 36 21 499.15109000100836
3 37 21 501.74873000101184
3 38 21 504.34637000101526
3 39 21 506.9440100010187
3 40 21 509.54165000102216
3 45 21 522.5298500010393
3 46 21 525.1274900010428
3 47 21 527.7251300010463
3 48 21 530.3227700010497
3 49 21 532.9204100010531
3 50 21 535.5180500010565
3 51 21 538.11569000106
3 52 21 540.7133300010635
3 53 21 543.3109700010668
3 54 21 545.9086100010703
3 55 21 548.5062500010738
3 56 21 551.1038900010772
3 57 21 553.7015300010806
3 58 21 556.2991700010841
3 59 21 558.8968100010876
3 60 21 561.494450001091
3 61 21 564.0920900010944
3 62 21 566.6897300010979
3 63 21 569.2873700011013
3 43 22 546.2975
3 44 22 548.9406
3 45 22 551.5154
3 46 22 553.9982
3 37 22 530.9302500010754
3 38 22 533.4979400010787
3 39 22 536.0656300010821
3 40 22 538.6333200010855
3 41 22 541.201010001089
3 42 22 543.7687000010924
3 47 22 556.6071500011094
3 48 22 559.1748400011128
3 49 22 561.7425300011162
3 50 22 564.3102200011197
3 51 22 566.877910001123
3 52 22 569.4456000011264
3 53 22 572.0132900011299
3 54 22 574.5809800011333
3 55 22 577.1486700011367
3 56 22 579.7163600011401
3 57 22 582.2840500011434
3 58 22 584.8517400011469
3 59 22 587.4194300011503
3 60 22 589.9871200011537
3 61 22 592.5548100011571
3 62 22 595.1225000011605
3 63 22 597.690190001164
3 64 22 600.2578800011673
3 65 22 602.8255700011707
3 45 23 580.8959
3 46 23 583.5245
3 47 23 586.0664
3 48 23 588.5326
3 39 23 565.6658499950538
3 40 23 568.2110499957133
3 41 23 570.7562499963728
3 42 23 573.3014499970323
3 43 23 575.8466499976918
3 44 23 578.3918499983513
3 49 23 591.1178500016487
3 50 23 593.6630500023082
3 51 23 596.2082500029676
3 52 23 598.7534500036271
3 53 23 601.2986500042866
3 54 23 603.843850004946
3 55 23 606.3890500056056
3 56 23 608.9342500062651
3 57 23 611.4794500069245
3 58 23 614.024650007584
3 59 23 616.5698500082435
3 60 23 619.1150500089029
3 61 23 621.6602500095624
3 62 23 624.205450010222
3 63 23 626.7506500108814
3 64 23 629.2958500115409
3 65 23 631.8410500122004
3 66 23 634.3862500128598
3 67 23 636.9314500135193
3 47 24 614.8662
3 48 24 617.4202
3 49 24 619.9127
3 50 24 622.3165
3 41 24 599.9963500012177
3 42 24 602.4806900012209
3 43 24 604.965030001224
3 44 24 607.4493700012272
3 45 24 609.9337100012303
3 46 24 612.4180500012335
3 51 24 624.8397500012493
3 52 24 627.3240900012524
3 53 24 629.8084300012556
3 54 24 632.2927700012586
3 55 24 634.7771100012618
3 56 24 637.261450001265
3 57 24 639.7457900012681
3 58 24 642.2301300012713
3 59 24 644.7144700012744
3 60 24 647.1988100012776
3 61 24 649.6831500012808
3 62 24 652.1674900012839
3 63 24 654.651830001287
3 64 24 657.1361700012901
3 65 24 659.6205100012933
3 66 24 662.1048500012964
3 67 24 664.5891900012996
3 68 24 667.0735300013027
3 69 24 669.5578700013059
3 70 24 672.0422100013091
3 51 25 654.4645
3 52 25 656.8279
3 53 25 659.1099
3 54 25 661.326
3 43 25 636.2089000012916
3 44 25 638.4955500012944
3 45 25 640.7822000012973
3 46 25 643.0688500013
3 47 25 645.3555000013029
3 48 25 647.6421500013056
3 49 25 649.9288000013084
3 50 25 652.2154500013112
3 55 25 663.6487000013252
3 56 25 665.9353500013281
3 57 25 668.2220000013308
3 58 25 670.5086500013336
3 59 25 672.7953000013365
3 60 25 675.0819500013392
3 61 25 677.3686000013421
3 62 25 679.6552500013448
3 63 25 681.9419000013477
3 64 25 684.2285500013504
3 65 25 686.5152000013533
3 66 25 688.8018500013561
3 67 25 691.0885000013589
3 68 25 693.3751500013617
3 69 25 695.6618000013644
3 70 25 697.9484500013673
3 71 25 700.23510000137
3 72 25 702.5217500013729
3 73 25 704.8084000013757
3 55 26 694.0139
3 56 26 696.1802
3 57 26 698.2849
3 58 26 700.3182
3 45 26 673.0290597346687
3 46 26 675.130819757741
3 47 26 677.2325797808134
3 48 26 679.3343398038857
3 49 26 681.4360998269578
3 50 26 683.5378598500301
3 51 26 685.6396198731024
3 52 26 687.7413798961747
3 53 26 689.843139919247
3 54 26 691.9448999423194
3 59 26 702.4537000576807
3 60 26 704.555460080753
3 61 26 706.6572201038254
3 62 26 708.7589801268975
3 63 26 710.8607401499698
3 64 26 712.9625001730421
3 65 26 715.0642601961144
3 66 26 717.1660202191867
3 67 26 719.267780242259
3 68 26 721.3695402653314
3 69 26 723.4713002884037
3 70 26 725.5730603114758
3 71 26 727.6748203345481
3 72 26 729.7765803576204
3 73 26 731.8783403806927
3 74 26 733.980100403765
3 75 26 736.0818604268372
3 76 26 738.1836204499095
3 58 27 730.549
3 59 27 732.5824
3 60 27 734.556
3 47 27 708.5204666681076
3 48 27 710.5239666681098
3 49 27 712.5274666681119
3 50 27 714.530966668114
3 51 27 716.5344666681162
3 52 27 718.5379666681184
3 53 27 720.5414666681206
3 54 27 722.5449666681227
3 55 27 724.5484666681249
3 56 27 726.5519666681271
3 57 27 728.5554666681293
3 61 27 736.5694666681379
3 62 27 738.5729666681401
3 63 27 740.5764666681423
3 64 27 742.5799666681445
3 65 27 744.5834666681467
3 66 27 746.5869666681489
3 67 27 748.5904666681511
3 68 27 750.5939666681531
3 69 27 752.5974666681553
3 70 27 754.6009666681575
3 71 27 756.6044666681597
3 72 27 758.6079666681619
3 73 27 760.611466668164
3 74 27 762.6149666681663
3 75 27 764.6184666681684
3 76 27 766.6219666681706
3 77 27 768.6254666681727
3 78 27 770.6289666681749
3 58 28 763.6421
3 59 28 765.7987
3 60 28 767.8969
3 61 28 769.9336
3 62 28 771.8984
3 48 28 743.0569400015135
3 49 28 745.1216900015157
3 50 28 747.1864400015181
3 51 28 749.2511900015205
3 52 28 751.3159400015228
3 53 28 753.3806900015252
3 54 28 755.4454400015276
3 55 28 757.5101900015298
3 56 28 759.5749400015322
3 57 28 761.6396900015346
3 63 28 774.0281900015488
3 64 28 776.0929400015511
3 65 28 778.1576900015534
3 66 28 780.2224400015558
3 67 28 782.2871900015582
3 68 28 784.3519400015605
3 69 28 786.4166900015629
3 70 28 788.4814400015653
3 71 28 790.5461900015675
3 72 28 792.6109400015699
3 73 28 794.6756900015723
3 74 28 796.7404400015746
3 75 28 798.805190001577
3 76 28 800.8699400015794
3 77 28 802.9346900015817
3 78 28 804.999440001584
3 79 28 807.0641900015864
3 80 28 809.1289400015887
3 81 28 811.1936900015911
3 82 28 813.2584400015935
4 1 1 3.4078
4 2 1 4.3666
4 3 1 5.0131
4 4 1 5.867800002905573
4 5 1 6.670450004455655
4 6 1 7.473100006005737
4 7 1 8.27575000755582
4 3 2 12.247
4 4 2 13.5668
4 6 2 15.6234
4 8 2 17.1753
4 5 2 14.408457627136984
4 7 2 16.36579661018774
4 9 2 18.323135593238494
4 10 2 19.30180508476387
4 7 3 27.0772
4 8 3 28.2547
4 9 3 29.307
4 11 3 31.0817
4 3 3 23.223225714327643
4 4 3 24.2157342857562
4 5 3 25.208242857184754
4 6 3 26.20075142861331
4 10 3 30.17078571432753
4 12 3 32.15580285718464
4 13 3 33.1483114286132
4 10 4 42.8158
4 11 4 44.0838
4 12 4 35.2529
4 13 4 46.3151
4 5 4 41.0333500000764
4 6 4 41.20005000007458
4 7 4 41.36675000007277
4 8 4 41.53345000007096
4 9 4 41.70015000006914
4 14 4 42.53365000006006
4 15 4 42.700350000058236
4 16 4 42.86705000005642
4 11 5 57.6943
4 12 5 59.2553
4 13 5 60.6941
4 14 5 62.0298
4 6 5 50.52893000009494
4 7 5 51.97346000009591
4 8 5 53.41799000009688
4 9 5 54.86252000009785
4 10 5 56.307050000098826
4 15 5 63.52970000010368
4 16 5 64.97423000010465
4 17 5 66.41876000010562
4 18 5 67.86329000010659
4 19 5 69.30782000010757
4 20 5 70.75235000010854
4 21 5 72.1968800001095
4 13 6 75.7227
4 14 6 77.4129
4 15 6 79.0064
4 16 6 80.481
4 8 6 67.84129000012838
4 9 6 69.42813000012966
4 10 6 71.01497000013093
4 11 6 72.6018100001322
4 12 6 74.18865000013346
4 17 6 82.12285000013983
4 18 6 83.70969000014111
4 19 6 85.29653000014238
4 20 6 86.88337000014366
4 21 6 88.47021000014492
4 22 6 90.05705000014619
4 23 6 91.64389000014747
4 14 7 93.2942
4 15 7 95.2179
4 16 7 97.031
4 17 7 98.7311
4 10 7 86.10046000016386
4 11 7 87.91284000016563
4 12 7 89.72522000016738
4 13 7 91.53760000016915
4 18 7 100.59950000017797
4 19 7 102.41188000017974
4 20 7 104.22426000018149
4 21 7 106.03664000018327
4 22 7 107.84902000018502
4 23 7 109.66140000018679
4 24 7 111.47378000018855
4 25 7 113.2861600001903
4 16 8 113.8165
4 17 8 115.823
4 18 8 117.6985
4 19 8 119.4803
4 11 8 104.44109000020161
4 12 8 106.32778000020355
4 13 8 108.21447000020548
4 14 8 110.10116000020741
4 15 8 111.98785000020936
4 20 8 121.42130000021903
4 21 8 123.30799000022097
4 22 8 125.1946800002229
4 23 8 127.08137000022484
4 24 8 128.96806000022679
4 25 8 130.8547500002287
4 26 8 132.74144000023065
4 27 8 134.62813000023257
4 28 8 136.51482000023452
4 18 9 135.5473
4 19 9 137.5954
4 20 9 139.5341
4 21 9 141.3713
4 13 9 125.89507002437483
4 14 9 127.836140020663
4 15 9 129.77721001695116
4 16 9 131.71828001323934
4 17 9 133.6593500095275
4 22 9 143.3646999909683
4 23 9 145.30576998725647
4 24 9 147.24683998354465
4 25 9 149.1879099798328
4 26 9 151.12897997612095
4 27 9 153.07004997240912
4 28 9 155.01111996869727
4 29 9 156.95218996498545
4 30 9 158.8932599612736
4 31 9 160.83432995756178
4 20 10 158.1717
4 21 10 160.2596
4 22 10 162.2323
4 23 10 164.1141
4 15 10 148.32449000028856
4 16 10 150.3044800002907
4 17 10 152.28447000029286
4 18 10 154.264460000295
4 19 10 156.24445000029715
4 24 10 166.14440000030788
4 25 10 168.12439000031
4 26 10 170.10438000031215
4 27 10 172.0843700003143
4 28 10 174.06436000031644
4 29 10 176.0443500003186
4 30 10 178.02434000032073
4 31 10 180.00433000032285
4 32 10 181.984320000325
4 33 10 183.96431000032715
4 34 10 185.9443000003293
4 22 11 181.4168
4 23 11 183.4921
4 24 11 185.4799
4 25 11 187.3607
4 17 11 171.55469994038663
4 18 11 173.5366499495579
4 19 11 175.5185999587292
4 20 11 177.5005499679005
4 21 11 179.48249997707177
4 26 11 189.3922500229282
4 27 11 191.3742000320995
4 28 11 193.35615004127078
4 29 11 195.33810005044208
4 30 11 197.32005005961338
4 31 11 199.30200006878465
4 32 11 201.28395007795595
4 33 11 203.26590008712725
4 34 11 205.24785009629852
4 35 11 207.22980010546982
4 36 11 209.21175011464112
4 37 11 211.1937001238124
4 38 11 213.1756501329837
4 39 11 215.157600142155
4 26 12 209.9702
4 27 12 211.8883
4 28 12 213.7115
4 29 12 215.4612
4 19 12 197.20603007675638
4 20 12 199.03565006772402
4 21 12 200.86527005869164
4 22 12 202.69489004965925
4 23 12 204.52451004062686
4 24 12 206.35413003159448
4 25 12 208.1837500225621
4 30 12 217.3318499774002
4 31 12 219.1614699683678
4 32 12 220.99108995933545
4 33 12 222.82070995030307
4 34 12 224.65032994127068
4 35 12 226.4799499322383
4 36 12 228.3095699232059
4 37 12 230.13918991417353
4 38 12 231.96880990514114
4 39 12 233.79842989610876
4 40 12 235.6280498870764
4 41 12 237.45766987804402
4 28 13 235.4356
4 29 13 237.3749
4 30 13 239.2334
4 31 13 241.013
4 21 13 222.46213000043736
4 22 13 224.32120000043923
4 23 13 226.18027000044108
4 24 13 228.03934000044296
4 25 13 229.8984100004448
4 26 13 231.75748000044666
4 27 13 233.6165500004485
4 32 13 242.91190000045782
4 33 13 244.77097000045967
4 34 13 246.63004000046152
4 35 13 248.48911000046337
4 36 13 250.34818000046522
4 37 13 252.2072500004671
4 38 13 254.06632000046895
4 39 13 255.92539000047083
4 40 13 257.7844600004727
4 41 13 259.6435300004745
4 42 13 261.5026000004764
4 43 13 263.3616700004782
4 30 14 261.9357
4 31 14 263.9147
4 32 14 265.8103
4 32 14 267.6326
4 22 14 242.34120000000001
4 23 14 244.7717
4 24 14 247.2022
4 25 14 249.6327
4 26 14 252.0632
4 27 14 254.4937
4 28 14 256.9242
4 29 14 259.3547
4 33 14 269.07669999999996
4 34 14 271.50719999999995
4 35 14 273.93769999999995
4 36 14 276.3682
4 37 14 278.79869999999994
4 38 14 281.2292
4 39 14 283.65969999999993
4 40 14 286.0902
4 41 14 288.5206999999999
4 42 14 290.9512
4 43 14 293.38169999999997
4 44 14 295.81219999999996
4 45 14 298.24269999999996
4 32 15 290.2011
4 33 15 292.251
4 34 15 294.2276
4 35 15 296.123
4 24 15 274.4454900005442
4 25 15 276.41972000054636
4 26 15 278.39395000054844
4 27 15 280.3681800005505
4 28 15 282.34241000055266
4 29 15 284.31664000055474
4 30 15 286.2908700005569
4 31 15 288.26510000055896
4 36 15 298.1362500005695
4 37 15 300.1104800005716
4 38 15 302.08471000057375
4 39 15 304.05894000057583
4 40 15 306.0331700005779
4 41 15 308.00740000058005
4 42 15 309.98163000058213
4 43 15 311.95586000058427
4 44 15 313.93009000058635
4 45 15 315.9043200005885
4 46 15 317.87855000059056
4 47 15 319.8527800005927
4 34 16 316.6902
4 35 16 318.7087
4 36 16 320.6445
4 37 16 322.5177
4 26 16 301.1928900005979
4 27 16 303.1347200006
4 28 16 305.076550000602
4 29 16 307.0183800006041
4 30 16 308.9602100006062
4 31 16 310.9020400006082
4 32 16 312.8438700006103
4 33 16 314.7857000006124
4 38 16 324.4948500006227
4 39 16 326.43668000062473
4 40 16 328.3785100006268
4 41 16 330.3203400006289
4 42 16 332.26217000063093
4 43 16 334.204000000633
4 44 16 336.1458300006351
4 45 16 338.08766000063713
4 46 16 340.0294900006392
4 47 16 341.9713200006413
4 48 16 343.9131500006433
4 49 16 345.8549800006454
4 36 17 344.8044
4 37 17 346.8218
4 38 17 348.7713
4 39 17 350.6419
4 28 17 329.2709499959035
4 29 17 331.2171499963347
4 30 17 333.1633499967659
4 31 17 335.1095499971971
4 32 17 337.0557499976283
4 33 17 339.00194999805956
4 34 17 340.94814999849075
4 35 17 342.89434999892194
4 40 17 352.625350001078
4 41 17 354.57155000150925
4 42 17 356.51775000194044
4 43 17 358.4639500023717
4 44 17 360.4101500028029
4 45 17 362.35635000323407
4 46 17 364.3025500036653
4 47 17 366.2487500040965
4 48 17 368.19495000452775
4 49 17 370.14115000495894
4 50 17 372.08735000539014
4 51 17 374.0335500058214
4 52 17 375.9797500062526
4 38 18 373.585
4 39 18 375.6134
4 40 18 377.5612
4 31 18 379.4483
4 29 18 379.6230790007626
4 30 18 379.23919100075955
4 32 18 378.4714150007535
4 33 18 378.0875270007504
4 34 18 377.7036390007474
4 35 18 377.31975100074436
4 36 18 376.93586300074134
4 37 18 376.5519750007383
4 41 18 375.0164230007262
4 42 18 374.6325350007232
4 43 18 374.24864700072015
4 44 18 373.86475900071713
4 45 18 373.48087100071405
4 46 18 373.096983000711
4 47 18 372.713095000708
4 48 18 372.32920700070497
4 49 18 371.94531900070194
4 50 18 371.5614310006989
4 51 18 371.1775430006959
4 52 18 370.79365500069287
4 53 18 370.40976700068984
4 54 18 370.0258790006868
4 40 19 402.3507
4 41 19 404.353
4 42 19 406.2897
4 43 19 408.1514
4 31 19 384.9804600007699
4 32 19 386.9143400007719
4 33 19 388.84822000077395
4 34 19 390.78210000077604
4 35 19 392.7159800007781
4 36 19 394.6498600007801
4 37 19 396.5837400007822
4 38 19 398.5176200007842
4 39 19 400.45150000078627
4 44 19 410.1209000007965
4 45 19 412.05478000079853
4 46 19 413.98866000080056
4 47 19 415.92254000080266
4 48 19 417.8564200008047
4 49 19 419.7903000008067
4 50 19 421.72418000080876
4 51 19 423.6580600008108
4 52 19 425.5919400008129
4 53 19 427.5258200008149
4 54 19 429.45970000081695
4 55 19 431.39358000081904
4 56 19 433.3274600008211
4 57 19 435.2613400008231
4 58 19 437.19522000082515
4 59 19 439.1291000008272
4 40 20 427.5343
4 41 20 429.666
4 42 20 431.713
4 43 20 433.6954
4 44 20 435.6084
4 33 20 413.4835800008275
4 34 20 415.5013400008297
4 35 20 417.51910000083194
4 36 20 419.53686000083417
4 37 20 421.5546200008364
4 38 20 423.5723800008386
4 39 20 425.59014000084085
4 45 20 437.69670000085426
4 46 20 439.71446000085655
4 47 20 441.7322200008588
4 48 20 443.749980000861
4 49 20 445.7677400008632
4 50 20 447.78550000086545
4 51 20 449.8032600008677
4 52 20 451.8210200008699
4 53 20 453.83878000087213
4 54 20 455.85654000087436
4 55 20 457.87430000087664
4 56 20 459.89206000087887
4 57 20 461.9098200008811
4 58 20 463.9275800008833
4 59 20 465.94534000088555
4 60 20 467.96310000088783
4 61 20 469.98086000089006
4 43 21 459.7053
4 44 21 461.745
4 45 21 463.7089
4 46 21 465.6104
4 35 21 443.99716000088983
4 36 21 445.96508000089193
4 37 21 447.9330000008941
4 38 21 449.9009200008962
4 39 21 451.86884000089833
4 40 21 453.8367600009004
4 41 21 455.8046800009026
4 42 21 457.7726000009047
4 47 21 467.6122000009153
4 48 21 469.5801200009174
4 49 21 471.5480400009195
4 50 21 473.51596000092167
4 51 21 475.48388000092376
4 52 21 477.4518000009259
4 53 21 479.419720000928
4 54 21 481.38764000093016
4 55 21 483.35556000093226
4 56 21 485.3234800009344
4 57 21 487.2914000009365
4 58 21 489.2593200009386
4 59 21 491.22724000094075
4 60 21 493.1951600009429
4 61 21 495.163080000945
4 62 21 497.1310000009471
4 63 21 499.09892000094925
4 45 22 489.5811
4 46 22 491.584
4 47 22 493.5238
4 48 22 495.39
4 37 22 474.1215500009514
4 38 22 476.05820000095343
4 39 22 477.99485000095547
4 40 22 479.9315000009575
4 41 22 481.86815000095953
4 42 22 483.80480000096156
4 43 22 485.7414500009636
4 44 22 487.6781000009656
4 49 22 497.3613500009758
4 50 22 499.2980000009778
4 51 22 501.23465000097985
4 52 22 503.1713000009819
4 53 22 505.1079500009839
4 54 22 507.04460000098595
4 55 22 508.981250000988
4 56 22 510.91790000099
4 57 22 512.854550000992
4 58 22 514.7912000009941
4 59 22 516.7278500009961
4 60 22 518.6645000009981
4 61 22 520.6011500010002
4 62 22 522.5378000010022
4 63 22 524.4744500010042
4 64 22 526.4111000010063
4 65 22 528.3477500010083
4 46 23 517.7506
4 47 23 519.7716
4 48 23 521.7404
4 49 23 523.6432
4 39 23 504.0268400010121
4 40 23 505.9915000010142
4 41 23 507.9561600010163
4 42 23 509.92082000101846
4 43 23 511.8854800010206
4 44 23 513.8501400010227
4 45 23 515.8148000010248
4 50 23 525.6381000010354
4 51 23 527.6027600010375
4 52 23 529.5674200010396
4 53 23 531.5320800010418
4 54 23 533.4967400010439
4 55 23 535.4614000010461
4 56 23 537.4260600010481
4 57 23 539.3907200010502
4 58 23 541.3553800010524
4 59 23 543.3200400010545
4 60 23 545.2847000010566
4 61 23 547.2493600010587
4 62 23 549.2140200010608
4 63 23 551.178680001063
4 64 23 553.1433400010651
4 65 23 555.1080000010672
4 66 23 557.0726600010694
4 67 23 559.0373200010714
4 50 24 551.0013
4 51 24 552.8392
4 52 24 554.608
4 53 24 556.3206
4 41 24 535.0792400000003
4 42 24 536.8519100000002
4 43 24 538.6245800000003
4 44 24 540.3972500000002
4 45 24 542.1699200000002
4 46 24 543.9425900000001
4 47 24 545.7152600000002
4 48 24 547.4879300000001
4 49 24 549.2606000000001
4 54 24 558.12395
4 55 24 559.89662
4 56 24 561.6692899999999
4 57 24 563.4419599999999
4 58 24 565.2146299999999
4 59 24 566.9872999999999
4 60 24 568.7599699999998
4 61 24 570.5326399999999
4 62 24 572.3053099999998
4 63 24 574.0779799999998
4 64 24 575.8506499999997
4 65 24 577.6233199999998
4 66 24 579.3959899999998
4 67 24 581.1686599999997
4 68 24 582.9413299999997
4 69 24 584.7139999999997
4 70 24 586.4866699999997
4 52 25 580.9315
4 53 25 582.6903
4 54 25 584.4088
4 55 25 586.0624
4 43 25 565.5564900011373
4 44 25 567.2676100011388
4 45 25 568.9787300011403
4 46 25 570.689850001142
4 47 25 572.4009700011435
4 48 25 574.1120900011451
4 49 25 575.8232100011467
4 50 25 577.5343300011483
4 51 25 579.2454500011498
4 56 25 587.8010500011578
4 57 25 589.5121700011593
4 58 25 591.2232900011609
4 59 25 592.9344100011625
4 60 25 594.645530001164
4 61 25 596.3566500011657
4 62 25 598.0677700011672
4 63 25 599.7788900011689
4 64 25 601.4900100011704
4 65 25 603.201130001172
4 66 25 604.9122500011736
4 67 25 606.6233700011752
4 68 25 608.3344900011767
4 69 25 610.0456100011784
4 70 25 611.7567300011799
4 71 25 613.4678500011814
4 72 25 615.1789700011831
4 73 25 616.8900900011846
4 56 26 614.5692
4 57 26 616.1742
4 58 26 617.7162
4 59 26 619.2068
4 45 26 597.5981000012016
4 46 26 599.1435800012028
4 47 26 600.6890600012041
4 48 26 602.2345400012055
4 49 26 603.7800200012067
4 50 26 605.3255000012081
4 51 26 606.8709800012093
4 52 26 608.4164600012107
4 53 26 609.9619400012119
4 54 26 611.5074200012132
4 55 26 613.0529000012145
4 60 26 620.780300001221
4 61 26 622.3257800012223
4 62 26 623.8712600012236
4 63 26 625.4167400012249
4 64 26 626.9622200012261
4 65 26 628.5077000012275
4 66 26 630.0531800012287
4 67 26 631.5986600012301
4 68 26 633.1441400012313
4 69 26 634.6896200012327
4 70 26 636.235100001234
4 71 26 637.7805800012352
4 72 26 639.3260600012366
4 73 26 640.8715400012378
4 74 26 642.4170200012392
4 75 26 643.9625000012404
4 76 26 645.5079800012418
4 58 27 644.1264
4 59 27 645.6406
4 60 27 647.1139
4 61 27 648.5277
4 47 27 628.0056496859038
4 48 27 629.4733697110315
4 49 27 630.9410897361593
4 50 27 632.4088097612869
4 51 27 633.8765297864146
4 52 27 635.3442498115423
4 53 27 636.81196983667
4 54 27 638.2796898617977
4 55 27 639.7474098869254
4 56 27 641.215129912053
4 57 27 642.6828499371808
4 62 27 650.0214500628192
4 63 27 651.489170087947
4 64 27 652.9568901130746
4 65 27 654.4246101382023
4 66 27 655.8923301633299
4 67 27 657.3600501884576
4 68 27 658.8277702135854
4 69 27 660.295490238713
4 70 27 661.7632102638407
4 71 27 663.2309302889685
4 72 27 664.6986503140961
4 73 27 666.1663703392238
4 74 27 667.6340903643516
4 75 27 669.1018103894792
4 76 27 670.5695304146069
4 77 27 672.0372504397346
4 78 27 673.5049704648623
4 58 28 673.5662
4 59 28 675.1819
4 60 28 676.7344
4 61 28 678.2364
4 48 28 658.0321600641512
4 49 28 659.5884700585807
4 50 28 661.1447800530102
4 51 28 662.7010900474398
4 52 28 664.2574000418693
4 53 28 665.8137100362989
4 54 28 667.3700200307285
4 55 28 668.926330025158
4 56 28 670.4826400195875
4 57 28 672.0389500140171
4 62 28 679.8204999861648
4 63 28 681.3768099805943
4 64 28 682.9331199750239
4 65 28 684.4894299694535
4 66 28 686.0457399638831
4 67 28 687.6020499583126
4 68 28 689.1583599527421
4 69 28 690.7146699471716
4 70 28 692.2709799416012
4 71 28 693.8272899360308
4 72 28 695.3835999304604
4 73 28 696.9399099248899
4 74 28 698.4962199193194
4 75 28 700.0525299137489
4 76 28 701.6088399081785
4 77 28 703.165149902608
4 78 28 704.7214598970377
4 79 28 706.2777698914672
4 80 28 707.8340798858967
4 81 28 709.3903898803262
4 82 28 710.9466998747558
5 1 1 3.096
5 2 1 3.9559
5 3 1 4.531
5 4 1 5.295966660779768
5 5 1 6.013466657641946
5 6 1 6.730966654504126
5 7 1 7.448466651366305
5 3 2 11.1271
5 4 2 12.3071
5 6 2 14.1251
5 8 2 15.4881
5 5 2 13.0454728813713
5 7 2 14.776489830523255
5 9 2 16.50750677967521
5 10 2 17.373015254251186
5 7 3 24.427
5 8 3 25.4525
5 9 3 26.3448
5 11 3 27.8426
5 3 3 21.1568742857517
5 4 3 22.002065714322793
5 5 3 22.847257142893888
5 6 3 23.69244857146498
5 10 3 27.073214285749344
5 12 3 28.763597142891527
5 13 3 29.608788571462618
5 10 4 38.5464
5 11 4 39.6384
5 12 4 40.6348
5 14 4 42.3627
5 5 4 33.9006056935611
5 6 4 34.848008553774264
5 7 4 35.79541141398744
5 8 4 36.742814274200605
5 9 4 37.69021713441378
5 13 4 41.47982857526646
5 15 4 43.3746342956928
5 16 4 44.322037155905974
5 10 5 50.4738
5 11 5 51.9389
5 12 5 53.2839
5 13 5 54.5187
5 6 5 45.13999000008319
5 7 5 46.487960000083945
5 8 5 47.8359300000847
5 9 5 49.18390000008546
5 14 5 55.92375000008926
5 15 5 57.27172000009001
5 16 5 58.61969000009077
5 17 5 59.96766000009153
5 18 5 61.315630000092284
5 19 5 62.66360000009305
5 20 5 64.0115700000938
5 21 5 65.35954000009457
5 14 6 69.5398
5 15 6 79.9026
5 16 6 72.1566
5 17 6 73.3429
5 8 6 70.98800000013526
5 9 6 71.35433000013387
5 10 6 71.72066000013248
5 11 6 72.0869900001311
5 12 6 72.45332000012971
5 13 6 72.81965000012832
5 18 6 74.65130000012137
5 19 6 75.01763000011998
5 20 6 75.38396000011859
5 21 6 75.7502900001172
5 22 6 76.11662000011582
5 23 6 76.48295000011443
5 15 7 85.5112
5 16 7 87.0629
5 17 7 88.5107
5 18 7 89.8648
5 10 7 78.30681000014684
5 11 7 79.75767000014781
5 12 7 81.2085300001488
5 13 7 82.65939000014978
5 14 7 84.11025000015076
5 19 7 91.36455000015565
5 20 7 92.81541000015663
5 21 7 94.26627000015762
5 22 7 95.71713000015859
5 23 7 97.16799000015956
5 24 7 98.61885000016056
5 25 7 100.06971000016154
5 17 8 103.8548
5 18 8 105.4527
5 19 8 106.9567
5 20 8 108.3677
5 11 8 94.87595001613961
5 12 8 96.38022001400657
5 13 8 97.88449001187354
5 14 8 99.3887600097405
5 15 8 100.89303000760745
5 16 8 102.3973000054744
5 21 8 109.91864999480921
5 22 8 111.42291999267617
5 23 8 112.92718999054313
5 24 8 114.4314599884101
5 25 8 115.93572998627704
5 26 8 117.43999998414401
5 27 8 118.94426998201097
5 28 8 120.44853997987792
5 21 9 126.3846
5 22 9 127.8499
5 23 9 129.2254
5 24 9 130.5343
5 13 9 115.36518000022097
5 14 9 116.74764000022182
5 15 9 118.13010000022267
5 16 9 119.51256000022352
5 17 9 120.89502000022435
5 18 9 122.2774800002252
5 19 9 123.65994000022604
5 20 9 125.04240000022688
5 25 9 131.9547000002311
5 26 9 133.33716000023193
5 27 9 134.7196200002328
5 28 9 136.10208000023363
5 29 9 137.48454000023446
5 30 9 138.86700000023532
5 31 9 140.24946000023616
5 20 10 141.5306
5 21 10 143.2892
5 22 10 144.9396
5 23 10 146.5124
5 15 10 133.2806800002558
5 16 10 134.94026000025724
5 17 10 136.5998400002587
5 18 10 138.25942000026012
5 19 10 139.91900000026158
5 24 10 148.21690000026877
5 25 10 149.8764800002702
5 26 10 151.53606000027165
5 27 10 153.19564000027307
5 28 10 154.85522000027453
5 29 10 156.51480000027595
5 30 10 158.17438000027738
5 31 10 159.83396000027884
5 32 10 161.4935400002803
5 33 10 163.15312000028172
5 34 10 164.81270000028314
5 22 11 162.0436
5 23 11 163.7728
5 24 11 165.4197
5 25 11 166.9751
5 17 11 153.86589000029642
5 18 11 155.5100300002978
5 19 11 157.15417000029922
5 20 11 158.7983100003006
5 21 11 160.44245000030202
5 26 11 168.66315000030897
5 27 11 170.30729000031036
5 28 11 171.95143000031177
5 29 11 173.59557000031316
5 30 11 175.23971000031455
5 31 11 176.88385000031596
5 32 11 178.52799000031735
5 33 11 180.17213000031873
5 34 11 181.81627000032015
5 35 11 183.46041000032153
5 36 11 185.10455000032292
5 37 11 186.74869000032433
5 38 11 188.39283000032572
5 39 11 190.03697000032713
5 24 12 183.6456
5 25 12 185.3899
5 26 12 187.0381
5 27 12 188.6063
5 19 12 175.42528000033906
5 20 12 177.07831000034048
5 21 12 178.7313400003419
5 22 12 180.38437000034332
5 23 12 182.03740000034475
5 28 12 190.30255000035186
5 29 12 191.95558000035328
5 30 12 193.6086100003547
5 31 12 195.26164000035612
5 32 12 196.91467000035755
5 33 12 198.56770000035897
5 34 12 200.2207300003604
5 35 12 201.87376000036178
5 36 12 203.5267900003632
5 37 12 205.17982000036463
5 38 12 206.83285000036605
5 39 12 208.48588000036747
5 40 12 210.1389100003689
5 41 12 211.79194000037032
5 26 13 206.1039
5 27 13 207.8464
5 28 13 209.5088
5 29 13 211.0925
5 21 13 197.82957000038343
5 22 13 199.4923900003849
5 23 13 201.15521000038635
5 24 13 202.8180300003878
5 25 13 204.48085000038924
5 30 13 212.7949500003965
5 31 13 214.45777000039794
5 32 13 216.1205900003994
5 33 13 217.78341000040086
5 34 13 219.44623000040232
5 35 13 221.10905000040378
5 36 13 222.77187000040522
5 37 13 224.43469000040668
5 38 13 226.09751000040814
5 39 13 227.76033000040957
5 40 13 229.42315000041103
5 41 13 231.0859700004125
5 42 13 232.74879000041392
5 43 13 234.41161000041538
5 26 14 225.6943
5 27 14 227.6334
5 28 14 229.4733
5 29 14 231.2396
5 22 14 218.34846001725
5 23 14 220.19604001407274
5 24 14 222.04362001089547
5 25 14 223.8912000077182
5 30 14 233.12909999183188
5 31 14 234.9766799886546
5 32 14 236.82425998547734
5 33 14 238.67183998230007
5 34 14 240.5194199791228
5 35 14 242.36699997594553
5 36 14 244.21457997276826
5 37 14 246.062159969591
5 38 14 247.90973996641375
5 39 14 249.75731996323648
5 40 14 251.6048999600592
5 41 14 253.45247995688194
5 42 14 255.30005995370468
5 43 14 257.14763995052743
5 44 14 258.99521994735017
5 45 14 260.8427999441729
5 28 15 250.595
5 29 15 252.5758
5 30 15 254.4789
5 31 15 256.3011
5 24 15 243.02593000047546
5 25 15 244.92807000047745
5 26 15 246.8302100004794
5 27 15 248.7323500004814
5 32 15 258.2430500004913
5 33 15 260.14519000049324
5 34 15 262.04733000049526
5 35 15 263.94947000049723
5 36 15 265.8516100004992
5 37 15 267.7537500005012
5 38 15 269.6558900005032
5 39 15 271.55803000050514
5 40 15 273.4601700005071
5 41 15 275.3623100005091
5 42 15 277.2644500005111
5 43 15 279.16659000051305
5 44 15 281.0687300005151
5 45 15 282.97087000051704
5 46 15 284.873010000519
5 47 15 286.77515000052097
5 29 16 271.9045
5 30 16 273.912
5 31 16 275.843
5 32 16 277.685
5 26 16 266.1635000005216
5 27 16 268.09075000052366
5 28 16 270.01800000052566
5 33 16 279.6542500005358
5 34 16 281.5815000005378
5 35 16 283.50875000053986
5 36 16 285.43600000054187
5 37 16 287.36325000054387
5 38 16 289.2905000005459
5 39 16 291.21775000054794
5 40 16 293.14500000054994
5 41 16 295.072250000552
5 42 16 296.999500000554
5 43 16 298.926750000556
5 44 16 300.854000000558
5 45 16 302.7812500005601
5 46 16 304.7085000005621
5 47 16 306.63575000056414
5 48 16 308.56300000056615
5 49 16 310.49025000056815
5 30 17 294.5776
5 31 17 296.6518
5 32 17 298.6495
5 33 17 300.556
5 28 17 290.6322100005707
5 29 17 292.62550000057286
5 34 17 302.5919500005836
5 35 17 304.58524000058577
5 36 17 306.57853000058793
5 37 17 308.57182000059004
5 38 17 310.5651100005922
5 39 17 312.55840000059436
5 40 17 314.5516900005965
5 41 17 316.5449800005987
5 42 17 318.53827000060085
5 43 17 320.531560000603
5 44 17 322.5248500006051
5 45 17 324.5181400006073
5 46 17 326.51143000060944
5 47 17 328.5047200006116
5 48 17 330.4980100006137
5 49 17 332.49130000061587
5 50 17 334.484590000618
5 51 17 336.4778800006202
5 52 17 338.47117000062235
5 35 18 325.8508
5 36 18 327.6645
5 37 18 329.4171
5 38 18 331.0929
5 29 18 315.397149831418
5 30 18 317.14503985393026
5 31 18 318.89292987644245
5 32 18 320.6408198989547
5 33 18 322.3887099214669
5 34 18 324.13659994397915
5 39 18 332.87605005654024
5 40 18 334.62394007905243
5 41 18 336.3718301015647
5 42 18 338.11972012407693
5 43 18 339.86761014658913
5 44 18 341.6155001691013
5 45 18 343.3633901916136
5 46 18 345.1112802141258
5 47 18 346.859170236638
5 48 18 348.6070602591502
5 49 18 350.35495028166247
5 50 18 352.10284030417466
5 51 18 353.8507303266869
5 52 18 355.5986203491991
5 53 18 357.34651037171136
5 54 18 359.09440039422356
5 37 19 351.0574
5 38 19 352.846
5 39 19 354.557
5 40 19 356.21
5 31 19 340.7910000006734
5 32 19 342.50788000067496
5 33 19 344.22476000067655
5 34 19 345.94164000067815
5 35 19 347.65852000067974
5 36 19 349.3754000006813
5 41 19 357.9598000006892
5 42 19 359.6766800006908
5 43 19 361.39356000069233
5 44 19 363.1104400006939
5 45 19 364.8273200006955
5 46 19 366.54420000069706
5 47 19 368.26108000069866
5 48 19 369.97796000070025
5 49 19 371.6948400007018
5 50 19 373.4117200007034
5 51 19 375.128600000705
5 52 19 376.8454800007065
5 53 19 378.5623600007081
5 54 19 380.2792400007097
5 55 19 381.9961200007113
5 56 19 383.7130000007129
5 57 19 385.42988000071443
5 58 19 387.14676000071603
5 59 19 388.8636400007176
5 42 20 381.8344
5 43 20 383.3959
5 44 20 384.8914
5 45 20 386.3312
5 33 20 368.37803000072995
5 34 20 369.87662000073095
5 35 20 371.375210000732
5 36 20 372.87380000073307
5 37 20 374.3723900007341
5 38 20 375.87098000073513
5 39 20 377.3695700007362
5 40 20 378.86816000073725
5 41 20 380.36675000073825
5 46 20 387.8597000007435
5 47 20 389.35829000074455
5 48 20 390.8568800007456
5 49 20 392.3554700007466
5 50 20 393.85406000074767
5 51 20 395.3526500007487
5 52 20 396.8512400007497
5 53 20 398.3498300007508
5 54 20 399.84842000075184
5 55 20 401.3470100007529
5 56 20 402.84560000075396
5 57 20 404.34419000075496
5 58 20 405.842780000756
5 59 20 407.3413700007571
5 60 20 408.8399600007581
5 61 20 410.33855000075914
5 42 21 404.7912
5 43 21 406.4523
5 44 21 408.0552
5 45 21 409.5904
5 35 21 393.62185000078034
5 36 21 395.2219000007816
5 37 21 396.8219500007829
5 38 21 398.4220000007842
5 39 21 400.0220500007855
5 40 21 401.62210000078676
5 41 21 403.222150000788
5 46 21 411.22240000079444
5 47 21 412.8224500007957
5 48 21 414.422500000797
5 49 21 416.02255000079833
5 50 21 417.6226000007996
5 51 21 419.22265000080085
5 52 21 420.8227000008021
5 53 21 422.42275000080343
5 54 21 424.0228000008047
5 55 21 425.622850000806
5 56 21 427.2229000008073
5 57 21 428.82295000080853
5 58 21 430.42300000080985
5 59 21 432.0230500008111
5 60 21 433.6231000008124
5 61 21 435.2231500008137
5 62 21 436.82320000081495
5 63 21 438.4232500008162
5 46 22 433.9718
5 47 22 435.474
5 48 22 436.9113
5 49 22 438.2987
5 37 22 421.02504998333154
5 38 22 422.466849984919
5 39 22 423.9086499865065
5 40 22 425.35044998809394
5 41 22 426.7922499896814
5 42 22 428.2340499912689
5 43 22 429.67584999285634
5 44 22 431.11764999444387
5 45 22 432.55944999603133
5 50 22 439.7684500039687
5 51 22 441.2102500055562
5 52 22 442.65205000714366
5 53 22 444.0938500087311
5 54 22 445.5356500103186
5 55 22 446.97745001190606
5 56 22 448.4192500134935
5 57 22 449.861050015081
5 58 22 451.30285001666846
5 59 22 452.7446500182559
5 60 22 454.18645001984345
5 61 22 455.6282500214309
5 62 22 457.0700500230184
5 63 22 458.51185002460585
5 64 22 459.9536500261933
5 65 22 461.39545002778084
5 50 23 462.9816
5 51 23 464.3248
5 52 23 465.6209
5 53 23 466.8671
5 39 23 448.75784985262067
5 40 23 450.05310986441566
5 41 23 451.3483698762107
5 42 23 452.6436298880057
5 43 23 453.93888989980076
5 44 23 455.23414991159575
5 45 23 456.5294099233908
5 46 23 457.8246699351858
5 47 23 459.11992994698085
5 48 23 460.41518995877584
5 49 23 461.71044997057083
5 54 23 468.186750029546
5 55 23 469.482010041341
5 56 23 470.777270053136
5 57 23 472.072530064931
5 58 23 473.36779007672607
5 59 23 474.66305008852106
5 60 23 475.9583101003161
5 61 23 477.2535701121111
5 62 23 478.54883012390616
5 63 23 479.84409013570115
5 64 23 481.1393501474962
5 65 23 482.4346101592912
5 66 23 483.72987017108625
5 67 23 485.02513018288124
5 54 24 490.4351
5 55 24 491.6089
5 56 24 492.7336
5 57 24 493.8129
5 41 24 475.82338000094575
5 42 24 476.9491900009461
5 43 24 478.0750000009464
5 44 24 479.20081000094666
5 45 24 480.32662000094695
5 46 24 481.4524300009473
5 47 24 482.5782400009476
5 48 24 483.70405000094786
5 49 24 484.8298600009482
5 50 24 485.9556700009485
5 51 24 487.0814800009488
5 52 24 488.20729000094906
5 53 24 489.33310000094934
5 58 24 494.9621500009509
5 59 24 496.08796000095117
5 60 24 497.21377000095146
5 61 24 498.33958000095174
5 62 24 499.4653900009521
5 63 24 500.59120000095237
5 64 24 501.71701000095265
5 65 24 502.842820000953
5 66 24 503.9686300009533
5 67 24 505.09444000095357
5 68 24 506.22025000095385
5 69 24 507.34606000095414
5 70 24 508.4718700009545
5 58 25 518.0635
5 59 25 519.0816
5 60 25 520.0559
5 61 25 520.9849
5 43 25 503.47795000100206
5 44 25 504.451800001002
5 45 25 505.425650001002
5 46 25 506.3995000010019
5 47 25 507.3733500010019
5 48 25 508.34720000100185
5 49 25 509.3210500010018
5 50 25 510.29490000100174
5 51 25 511.2687500010017
5 52 25 512.2426000010016
5 53 25 513.2164500010016
5 54 25 514.1903000010016
5 55 25 515.1641500010015
5 56 25 516.1380000010015
5 57 25 517.1118500010015
5 62 25 521.9811000010012
5 63 25 522.9549500010012
5 64 25 523.9288000010012
5 65 25 524.9026500010011
5 66 25 525.8765000010011
5 67 25 526.8503500010011
5 68 25 527.8242000010009
5 69 25 528.7980500010009
5 70 25 529.7719000010009
5 71 25 530.7457500010008
5 72 25 531.7196000010008
5 73 25 532.6934500010008
5 55 26 538.2115
5 56 26 539.4058
5 57 26 540.5526
5 58 26 541.6508
5 45 26 526.7707699511153
5 46 26 527.9172399553577
5 47 26 529.0637099596001
5 48 26 530.2101799638425
5 49 26 531.3566499680849
5 50 26 532.5031199723273
5 51 26 533.6495899765697
5 52 26 534.7960599808121
5 53 26 535.9425299850545
5 54 26 537.0889999892969
5 59 26 542.8213500105089
5 60 26 543.9678200147513
5 61 26 545.1142900189936
5 62 26 546.2607600232361
5 63 26 547.4072300274785
5 64 26 548.553700031721
5 65 26 549.7001700359633
5 66 26 550.8466400402057
5 67 26 551.9931100444481
5 68 26 553.1395800486905
5 69 26 554.2860500529329
5 70 26 555.4325200571753
5 71 26 556.5789900614177
5 72 26 557.7254600656602
5 73 26 558.8719300699025
5 74 26 560.0184000741449
5 75 26 561.1648700783874
5 76 26 562.3113400826297
5 54 27 559.8056
5 55 27 561.0651
5 56 27 562.2762
5 57 27 563.4391
5 47 27 551.3516400010978
5 48 27 552.5628000010984
5 49 27 553.7739600010988
5 50 27 554.9851200010993
5 51 27 556.1962800010997
5 52 27 557.4074400011002
5 53 27 558.6186000011006
5 58 27 564.6744000011029
5 59 27 565.8855600011034
5 60 27 567.0967200011039
5 61 27 568.3078800011043
5 62 27 569.5190400011047
5 63 27 570.7302000011052
5 64 27 571.9413600011057
5 65 27 573.1525200011062
5 66 27 574.3636800011066
5 67 27 575.5748400011071
5 68 27 576.7860000011076
5 69 27 577.997160001108
5 70 27 579.2083200011084
5 71 27 580.4194800011089
5 72 27 581.6306400011094
5 73 27 582.8418000011098
5 74 27 584.0529600011103
5 75 27 585.2641200011108
5 76 27 586.4752800011112
5 77 27 587.6864400011117
5 78 27 588.8976000011121
5 58 28 590.5893
5 59 28 591.7311
5 60 28 592.8273
5 61 28 593.8794
5 48 28 579.6452999951996
5 49 28 580.741949995617
5 50 28 581.8385999960344
5 51 28 582.9352499964518
5 52 28 584.0318999968692
5 53 28 585.1285499972867
5 54 28 586.2251999977041
5 55 28 587.3218499981216
5 56 28 588.418499998539
5 57 28 589.5151499989564
5 62 28 594.9984000010435
5 63 28 596.095050001461
5 64 28 597.1917000018784
5 65 28 598.2883500022958
5 66 28 599.3850000027132
5 67 28 600.4816500031307
5 68 28 601.5783000035481
5 69 28 602.6749500039655
5 70 28 603.7716000043829
5 71 28 604.8682500048003
5 72 28 605.9649000052178
5 73 28 607.0615500056352
5 74 28 608.1582000060527
5 75 28 609.2548500064701
5 76 28 610.3515000068875
5 77 28 611.4481500073049
5 78 28 612.5448000077223
5 79 28 613.6414500081397
5 80 28 614.7381000085572
5 81 28 615.8347500089747
5 82 28 616.9314000093921
7 1 1 2.4575
7 2 1 3.1163
7 3 1 3.5494
7 4 1 4.132966666802917
7 5 1 4.678916666679326
7 6 1 5.224866666555734
7 7 1 5.770816666432142
7 3 2 8.8159
7 4 2 9.7001
7 6 2 11.0436
7 8 2 12.0133
7 5 2 10.234608474585508
7 7 2 11.503540677973742
7 9 2 12.772472881361978
7 10 2 13.406938983056097
7 7 3 18.946
7 8 3 19.361
7 9 3 20.22
7 11 3 21.1813
7 3 3 16.617260025454065
7 4 3 17.192880021131014
7 5 3 17.768500016807963
7 6 3 18.344120012484908
7 10 3 20.646599995192695
7 12 3 21.797839986546588
7 13 3 22.373459982223537
7 9 4 28.9117
7 10 4 29.7246
7 11 4 30.4602
7 12 4 31.1043
7 5 4 26.02783000004366
7 6 4 26.759170000043078
7 7 4 27.490510000042494
7 8 4 28.22185000004191
7 13 4 31.878550000039
7 14 4 32.60989000003842
7 15 4 33.34123000003784
7 16 4 34.07257000003725
7 10 5 39.075
7 11 5 40.0738
7 12 5 40.9809
7 13 5 41.7992
7 6 5 35.48839000005939
7 7 5 36.3963600000488
7 8 5 37.30433000003821
7 9 5 38.212300000027625
7 14 5 42.75214999997468
7 15 5 43.66011999996409
7 16 5 44.5680899999535
7 17 5 45.476059999942905
7 18 5 46.384029999932324
7 19 5 47.29199999992173
7 20 5 48.19996999991114
7 21 5 49.10793999990055
7 13 6 52.3708
7 14 6 53.3479
7 15 6 54.2382
7 16 6 55.0552
7 8 6 47.93974995360468
7 9 6 48.834099960760724
7 10 6 49.728449967916774
7 11 6 50.62279997507281
7 12 6 51.51714998222886
7 17 6 55.98890001800907
7 18 6 56.88325002516511
7 19 6 57.77760003232115
7 20 6 58.671950039477196
7 21 6 59.56630004663324
7 22 6 60.46065005378928
7 23 6 61.35500006094532
7 15 7 65.5637
7 16 7 66.5861
7 17 7 67.5232
7 18 7 68.401
7 10 7 60.87665001848144
7 11 7 61.821550015664855
7 12 7 62.76645001284827
7 13 7 63.71135001003168
7 14 7 64.65625000721509
7 19 7 69.38074999313216
7 20 7 70.32564999031555
7 21 7 71.27054998749898
7 22 7 72.21544998468238
7 23 7 73.1603499818658
7 24 7 74.1052499790492
7 25 7 75.05014997623263
7 19 8 81.2737
7 20 8 82.1546
7 21 8 82.979
7 22 8 83.7484
7 11 8 74.70285000013675
7 12 8 75.52770000013636
7 13 8 76.35255000013599
7 14 8 77.1774000001356
7 15 8 78.00225000013522
7 16 8 78.82710000013485
7 17 8 79.65195000013446
7 18 8 80.47680000013409
7 23 8 84.60105000013218
7 24 8 85.4259000001318
7 25 8 86.25075000013142
7 26 8 87.07560000013103
7 27 8 87.90045000013066
7 28 8 88.72530000013028
7 21 9 95.6796
7 22 9 96.5789
7 23 9 97.4121
7 24 9 98.1868
7 13 9 89.02729000016353
7 14 9 89.86277000016318
7 15 9 90.69825000016283
7 16 9 91.53373000016248
7 17 9 92.36921000016213
7 18 9 93.20469000016178
7 19 9 94.04017000016144
7 20 9 94.87565000016109
7 25 9 99.05305000015933
7 26 9 99.88853000015898
7 27 9 100.72401000015863
7 28 9 101.55949000015829
7 29 9 102.39497000015794
7 30 9 103.23045000015759
7 31 9 104.06593000015724
7 20 10 107.4104
7 21 10 108.5033
7 22 10 109.5142
7 23 10 110.4688
7 15 10 102.35321000018834
7 16 10 103.3718200001884
7 17 10 104.39043000018843
7 18 10 105.40904000018847
7 19 10 106.4276500001885
7 24 10 111.52070000018871
7 25 10 112.53931000018875
7 26 10 113.5579200001888
7 27 10 114.57653000018884
7 28 10 115.59514000018888
7 29 10 116.61375000018892
7 30 10 117.63236000018895
7 31 10 118.650970000189
7 32 10 119.66958000018904
7 33 10 120.68819000018908
7 34 10 121.70680000018913
7 24 11 123.3471
7 25 11 125.2441
7 26 11 126.0912
7 27 11 126.8733
7 28 11 127.5998
7 17 11 116.70996000159217
7 18 11 117.72342000141526
7 19 11 118.73688000123835
7 20 11 119.75034000106145
7 21 11 120.76380000088454
7 22 11 121.77726000070763
7 23 11 122.79072000053073
7 29 11 128.87147999946927
7 30 11 129.88493999929238
7 31 11 130.89839999911547
7 32 11 131.91185999893855
7 33 11 132.92531999876167
7 34 11 133.93877999858475
7 35 11 134.95223999840783
7 36 11 135.96569999823095
7 37 11 136.97915999805403
7 38 11 137.9926199978771
7 39 11 139.00607999770023
7 26 12 140.1252
7 27 12 141.0123
7 28 12 141.8332
7 30 12 143.3255
7 19 12 134.6116998976106
7 20 12 135.4073970521694
7 21 12 136.2030942067282
7 22 12 136.99879136128698
7 23 12 137.79448851584576
7 24 12 138.59018567040454
7 25 12 139.38588282496335
7 29 12 142.5686714431985
7 31 12 144.1600657523161
7 32 12 144.95576290687487
7 33 12 145.75146006143365
7 34 12 146.54715721599246
7 35 12 147.34285437055124
7 36 12 148.13855152511002
7 37 12 148.9342486796688
7 38 12 149.7299458342276
7 39 12 150.5256429887864
7 40 12 151.32134014334517
7 41 12 152.11703729790395
7 27 13 155.6015
7 28 13 156.5359
7 29 13 157.4098
7 30 13 158.2308
7 21 13 150.37315000027982
7 22 13 151.24933000027957
7 23 13 152.12551000027932
7 24 13 153.00169000027904
7 25 13 153.8778700002788
7 26 13 154.75405000027854
7 31 13 159.13495000027729
7 32 13 160.01113000027703
7 33 13 160.88731000027678
7 34 13 161.76349000027653
7 35 13 162.63967000027628
7 36 13 163.515850000276
7 37 13 164.39203000027575
7 38 13 165.2682100002755
7 39 13 166.14439000027525
7 40 13 167.020570000275
7 41 13 167.89675000027475
7 42 13 168.7729300002745
7 43 13 169.64911000027425
7 27 14 170.7229
7 28 14 171.7784
7 29 14 172.7773
7 30 14 173.7155
7 22 14 165.76366992762684
7 23 14 166.76133993876118
7 24 14 167.7590099498955
7 25 14 168.75667996102985
7 26 14 169.75434997216416
7 31 14 174.74270002783584
7 32 14 175.74037003897018
7 33 14 176.73804005010453
7 34 14 177.73571006123885
7 35 14 178.73338007237317
7 36 14 179.7310500835075
7 37 14 180.72872009464186
7 38 14 181.72639010577618
7 39 14 182.72406011691052
7 40 14 183.72173012804484
7 41 14 184.71940013917919
7 42 14 185.71707015031353
7 43 14 186.71474016144785
7 44 14 187.71241017258217
7 45 14 188.7100801837165
7 28 15 188.2412
7 29 15 189.4035
7 30 15 190.5128
7 31 15 191.5554
7 24 15 183.8496800003465
7 25 15 184.95487000034672
7 26 15 186.06006000034697
7 27 15 187.16525000034719
7 32 15 192.6912000003483
7 33 15 193.7963900003485
7 34 15 194.90158000034873
7 35 15 196.00677000034895
7 36 15 197.11196000034917
7 37 15 198.2171500003494
7 38 15 199.32234000034964
7 39 15 200.42753000034986
7 40 15 201.53272000035008
7 41 15 202.6379100003503
7 42 15 203.74310000035052
7 43 15 204.84829000035074
7 44 15 205.95348000035096
7 45 15 207.05867000035119
7 46 15 208.1638600003514
7 47 15 209.26905000035163
7 30 16 204.7956
7 31 16 205.8841
7 33 16 207.8792
7 35 16 209.6466
7 26 16 200.99530502682248
7 27 16 201.96427622253088
7 28 16 202.9332474182393
7 29 16 203.9022186139477
7 32 16 206.8091322010729
7 34 16 208.7470745924897
7 36 16 210.6850169839065
7 37 16 211.65398817961494
7 38 16 212.62295937532332
7 39 16 213.59193057103172
7 40 16 214.56090176674013
7 41 16 215.52987296244854
7 42 16 216.49884415815694
7 43 16 217.46781535386535
7 44 16 218.43678654957375
7 45 16 219.40575774528216
7 46 16 220.37472894099056
7 47 16 221.34370013669897
7 48 16 222.31267133240738
7 49 16 223.28164252811578
7 35 17 225.6769
7 38 17 228.1863
7 39 17 228.9297
7 41 17 230.2786
7 28 17 220.35928925811723
7 29 17 221.13085859878873
7 30 17 221.9024279394602
7 31 17 222.67399728013172
7 32 17 223.4455666208032
7 33 17 224.2171359614747
7 34 17 224.98870530214617
7 36 17 226.53184398348915
7 37 17 227.30341332416066
7 40 17 229.61812134617512
7 42 17 231.1612600275181
7 43 17 231.93282936818957
7 44 17 232.70439870886108
7 45 17 233.47596804953255
7 46 17 234.24753739020406
7 47 17 235.01910673087554
7 48 17 235.79067607154704
7 49 17 236.56224541221852
7 50 17 237.33381475289002
7 51 17 238.1053840935615
7 52 17 238.87695343423297
7 34 18 240.9788
7 35 18 242.0071
7 36 18 242.9754
7 38 18 244.7556
7 29 18 236.3336657400617
7 30 18 237.27374859338587
7 31 18 238.21383144671006
7 32 18 239.15391430003427
7 33 18 240.09399715335846
7 37 18 243.85432856665523
7 39 18 245.73449427330365
7 40 18 246.67457712662784
7 41 18 247.61465997995202
7 42 18 248.55474283327624
7 43 18 249.49482568660042
7 44 18 250.4349085399246
7 45 18 251.37499139324882
7 46 18 252.315074246573
7 47 18 253.2551570998972
7 48 18 254.1952399532214
7 49 18 255.1353228065456
7 50 18 256.0754056598698
7 51 18 257.015488513194
7 52 18 257.9555713665182
7 53 18 258.8956542198424
7 54 18 259.83573707316657
7 37 19 259.9353
7 39 19 261.7265
7 40 19 262.5464
7 42 19 264.0481
7 31 19 255.07318439512068
7 32 19 255.89564211334178
7 33 19 256.7180998315629
7 34 19 257.54055754978395
7 35 19 258.3630152680051
7 36 19 259.18547298622616
7 38 19 260.83038842266836
7 41 19 263.29776157733164
7 43 19 264.94267701377385
7 44 19 265.7651347319949
7 45 19 266.587592450216
7 46 19 267.4100501684371
7 47 19 268.2325078866582
7 48 19 269.05496560487927
7 49 19 269.8774233231004
7 50 19 270.6998810413215
7 51 19 271.52233875954255
7 52 19 272.3447964777637
7 53 19 273.16725419598475
7 54 19 273.9897119142059
7 55 19 274.81216963242696
7 56 19 275.63462735064803
7 57 19 276.45708506886916
7 58 19 277.27954278709024
7 59 19 278.1020005053113
7 40 20 279.0909
7 42 20 280.7019
7 43 20 281.435
7 44 20 282.1246
7 33 20 273.79298285766595
7 34 20 274.55461714337974
7 35 20 275.3162514290935
7 36 20 276.0778857148072
7 37 20 276.839520000521
7 38 20 277.60115428623476
7 39 20 278.3627885719485
7 41 20 279.88605714337604
7 45 20 282.93259428623105
7 46 20 283.6942285719448
7 47 20 284.4558628576586
7 48 20 285.2174971433723
7 49 20 285.97913142908607
7 50 20 286.74076571479986
7 51 20 287.5024000005136
7 52 20 288.26403428622734
7 53 20 289.0256685719411
7 54 20 289.7873028576549
7 55 20 290.5489371433686
7 56 20 291.31057142908236
7 57 20 292.07220571479616
7 58 20 292.8338400005099
7 59 20 293.59547428622363
7 60 20 294.3571085719374
7 61 20 295.11874285765117
7 43 21 298.569
7 44 21 299.3186
7 45 21 300.0198
7 48 21 301.8811
7 35 21 293.38519644121436
7 36 21 294.0413892971027
7 37 21 294.697582152991
7 38 21 295.3537750088793
7 39 21 296.00996786476765
7 40 21 296.66616072065597
7 41 21 297.3223535765443
7 42 21 297.9785464324326
7 46 21 300.6033178559859
7 47 21 301.2595107118742
7 49 21 302.57189642365086
7 50 21 303.2280892795392
7 51 21 303.8842821354275
7 52 21 304.5404749913158
7 53 21 305.19666784720414
7 54 21 305.85286070309246
7 55 21 306.5090535589808
7 56 21 307.1652464148691
7 57 21 307.8214392707574
7 58 21 308.4776321266458
7 59 21 309.1338249825341
7 60 21 309.79001783842244
7 61 21 310.44621069431076
7 62 21 311.1024035501991
7 63 21 311.7585964060874
7 45 22 316.7122
7 48 22 318.6667
7 49 22 319.236
7 50 22 319.7696
7 37 22 311.80865341212143
7 38 22 312.42569628374673
7 39 22 313.0427391553721
7 40 22 313.6597820269974
7 41 22 314.27682489862275
7 42 22 314.89386777024805
7 43 22 315.5109106418734
7 44 22 316.1279535134987
7 46 22 317.36203925674937
7 47 22 317.9790821283747
7 51 22 320.44725361487605
7 52 22 321.06429648650135
7 53 22 321.6813393581267
7 54 22 322.298382229752
7 55 22 322.91542510137737
7 56 22 323.53246797300267
7 57 22 324.149510844628
7 58 22 324.7665537162533
7 59 22 325.3835965878787
7 60 22 326.000639459504
7 61 22 326.61768233112934
7 62 22 327.23472520275465
7 63 22 327.85176807438
7 64 22 328.4688109460053
7 65 22 329.08585381763066
7 46 23 334.2492
7 48 23 335.5674
7 50 23 336.726
7 52 23 337.7255
7 39 23 330.27327473762114
7 40 23 330.852649763859
7 41 23 331.43202479009693
7 42 23 332.0113998163348
7 43 23 332.59077484257267
7 44 23 333.1701498688106
7 45 23 333.74952489504847
7 47 23 334.90827494752426
7 49 23 336.067025
7 51 23 337.2257750524758
7 53 23 338.3845251049516
7 54 23 338.96390013118946
7 55 23 339.54327515742733
7 56 23 340.12265018366526
7 57 23 340.7020252099031
7 58 23 341.281400236141
7 59 23 341.8607752623789
7 60 23 342.4401502886168
7 61 23 343.01952531485466
7 62 23 343.5989003410926
7 63 23 344.17827536733046
7 64 23 344.7576503935683
7 65 23 345.33702541980625
7 66 23 345.9164004460441
7 67 23 346.495775472282
7 52 24 353.3767
7 53 24 353.808
7 54 24 354.2014
7 58 24 355.4499
7 41 24 349.7204746994662
7 42 24 350.05923132597076
7 43 24 350.3979879524753
7 44 24 350.73674457897994
7 45 24 351.0755012054845
7 46 24 351.4142578319891
7 47 24 351.7530144584937
7 48 24 352.0917710849983
7 49 24 352.43052771150286
7 50 24 352.7692843380075
7 51 24 353.10804096451204
7 55 24 354.4630674705304
7 56 24 354.80182409703497
7 57 24 355.1405807235396
7 59 24 355.81809397654877
7 60 24 356.15685060305333
7 61 24 356.4956072295579
7 62 24 356.8343638560625
7 63 24 357.17312048256707
7 64 24 357.5118771090717
7 65 24 357.85063373557625
7 66 24 358.18939036208087
7 67 24 358.52814698858543
7 68 24 358.86690361509005
7 69 24 359.2056602415946
7 70 24 359.54441686809923
7 50 25 368.7591
7 52 25 360.7367
7 55 25 370.9158
7 58 25 371.7784
7 43 25 359.39862040885095
7 44 25 360.20316734762605
7 45 25 361.00771428640115
7 46 25 361.81226122517626
7 47 25 362.6168081639513
7 48 25 363.4213551027264
7 49 25 364.2259020415015
7 51 25 365.8349959190517
7 53 25 367.4440897966019
7 54 25 368.248636735377
7 56 25 369.8577306129272
7 57 25 370.66227755170223
7 59 25 372.27137142925244
7 60 25 373.07591836802754
7 61 25 373.88046530680265
7 62 25 374.6850122455777
7 63 25 375.4895591843528
7 64 25 376.2941061231279
7 65 25 377.098653061903
7 66 25 377.9032000006781
7 67 25 378.70774693945316
7 68 25 379.51229387822826
7 69 25 380.31684081700337
7 70 25 381.12138775577847
7 71 25 381.9259346945536
7 72 25 382.7304816333286
7 73 25 383.5350285721037
7 55 26 387.6112
7 56 26 387.9325
7 57 26 388.2199
7 58 26 388.4708
7 45 26 384.76247000073874
7 46 26 385.04909000073724
7 47 26 385.3357100007357
7 48 26 385.6223300007341
7 49 26 385.9089500007326
7 50 26 386.19557000073104
7 51 26 386.4821900007295
7 52 26 386.76881000072797
7 53 26 387.0554300007264
7 54 26 387.34205000072484
7 59 26 388.77515000071713
7 60 26 389.06177000071557
7 61 26 389.34839000071406
7 62 26 389.6350100007125
7 63 26 389.92163000071093
7 64 26 390.2082500007094
7 65 26 390.49487000070786
7 66 26 390.7814900007063
7 67 26 391.0681100007048
7 68 26 391.3547300007032
7 69 26 391.64135000070166
7 70 26 391.92797000070016
7 71 26 392.2145900006986
7 72 26 392.50121000069703
7 73 26 392.7878300006955
7 74 26 393.07445000069396
7 75 26 393.3610700006924
7 76 26 393.6476900006909
7 50 27 401.4442
7 52 27 402.4123
7 54 27 403.2067
7 55 27 403.5456
7 47 27 400.2332236421376
7 48 27 400.6539151826354
7 49 27 401.07460672313323
7 51 27 401.9159898041288
7 53 27 402.7573728851244
7 56 27 404.01944750661784
7 57 27 404.4401390471156
7 58 27 404.8608305876134
7 59 27 405.28152212811125
7 60 27 405.70221366860903
7 61 27 406.1229052091068
7 62 27 406.5435967496046
7 63 27 406.96428829010244
7 64 27 407.38497983060023
7 65 27 407.805671371098
7 66 27 408.22636291159586
7 67 27 408.64705445209364
7 68 27 409.0677459925914
7 69 27 409.4884375330892
7 70 27 409.90912907358705
7 71 27 410.32982061408484
7 72 27 410.7505121545826
7 73 27 411.1712036950804
7 74 27 411.59189523557825
7 75 27 412.01258677607603
7 76 27 412.4332783165738
7 77 27 412.85396985707166
7 78 27 413.27466139756945
7 53 28 421.8844
7 55 28 422.7126
7 58 28 423.662
7 60 28 424.1137
7 48 28 420.38881206977555
7 49 28 420.70697241460164
7 50 28 421.0251327594278
7 51 28 421.34329310425386
7 52 28 421.66145344907994
7 54 28 422.29777413873217
7 56 28 422.9340948283844
7 57 28 423.2522551732105
7 59 28 423.8885758628627
7 61 28 424.52489655251486
7 62 28 424.84305689734094
7 63 28 425.1612172421671
7 64 28 425.47937758699317
7 65 28 425.79753793181925
7 66 28 426.1156982766454
7 67 28 426.4338586214715
7 68 28 426.75201896629756
7 69 28 427.0701793111237
7 70 28 427.3883396559498
7 71 28 427.70650000077586
7 72 28 428.024660345602
7 73 28 428.3428206904281
7 74 28 428.66098103525417
7 75 28 428.9791413800803
7 76 28 429.2973017249064
7 77 28 429.6154620697325
7 78 28 429.9336224145586
7 79 28 430.2517827593847
7 80 28 430.5699431042108
7 81 28 430.88810344903686
7 82 28 431.206263793863
8 1 1 2.0676
8 2 1 2.6046
8 3 1 2.9487
8 4 1 3.4213999990375443
8 5 1 3.8619499984600703
8 6 1 4.302499997882597
8 7 1 4.743049997305123
8 3 2 7.3939
8 4 2 8.1016
8 6 2 9.151
8 8 2 9.8843
8 5 2 8.509279660602115
8 7 2 9.496642377443445
8 9 2 10.484005094284775
8 10 2 10.977686452705441
8 7 3 15.5539
8 8 3 16.0459
8 9 3 16.4597
8 11 3 17.1081
8 13 3 17.5311
8 3 3 14.386865517264042
8 4 3 14.713058620710846
8 5 3 15.039251724157653
8 6 3 15.365444827604458
8 10 3 16.67021724139168
8 12 3 17.322603448285292
8 6 4 21.3052
8 10 4 24.3026
8 11 4 24.8146
8 12 4 25.2634
8 14 4 26.0012
8 5 4 20.978481818214494
8 7 4 22.178095454576383
8 8 4 22.777902272757327
8 9 4 23.377709090938275
8 13 4 25.776936363662053
8 15 4 26.97655000002394
8 16 4 27.576356818204886
8 10 5 32.0706
8 11 5 32.7857
8 12 5 33.4333
8 13 5 33.9974
8 19 5 36.1008
8 6 5 30.683197988564228
8 7 5 31.11096399019791
8 8 5 31.53872999183159
8 9 5 31.966495993465273
8 14 5 34.10532600163368
8 15 5 34.533092003267356
8 16 5 34.96085800490104
8 17 5 35.38862400653473
8 18 5 35.816390008168405
8 20 5 36.67192201143577
8 21 5 37.099688013069446
8 14 6 43.4355
8 15 6 44.0512
8 16 6 44.6096
8 17 6 45.1089
8 22 6 46.8782
8 8 6 41.14490721656497
8 9 6 41.56215412378019
8 10 6 41.97940103099541
8 11 6 42.396647938210634
8 12 6 42.81389484542586
8 13 6 43.23114175264108
8 18 6 45.31737628871719
8 19 6 45.734623195932414
8 20 6 46.151870103147644
8 21 6 46.569117010362866
8 23 6 47.40361082479331
8 15 7 53.3698
8 16 7 54.0849
8 17 7 54.7281
8 18 7 55.3084
8 23 7 57.4513
8 10 7 51.121127319675125
8 11 7 51.616944329983305
8 12 7 52.112761340291485
8 13 7 52.608578350599664
8 14 7 53.104395360907844
8 19 7 55.58348041244874
8 20 7 56.07929742275692
8 21 7 56.5751144330651
8 22 7 57.07093144337328
8 24 7 58.06256546398964
8 25 7 58.55838247429783
8 16 8 63.5263
8 17 8 64.2977
8 18 8 64.9888
8 19 8 65.6238
8 24 8 67.9511
8 11 8 61.08203659804519
8 12 8 61.61992164959058
8 13 8 62.15780670113596
8 14 8 62.69569175268135
8 15 8 63.23357680422673
8 20 8 65.92300206195365
8 21 8 66.46088711349904
8 22 8 66.99877216504441
8 23 8 67.5366572165898
8 25 8 68.61242731968056
8 26 8 69.15031237122595
8 27 8 69.68819742277134
8 28 8 70.22608247431673
8 17 9 74.1573
8 18 9 74.9687
8 19 9 75.7051
8 20 9 76.3901
8 29 9 80.2041
8 13 9 72.62635148198628
8 14 9 73.10776049751439
8 15 9 73.58916951304252
8 16 9 74.07057852857064
8 21 9 76.47762360621125
8 22 9 76.95903262173938
8 23 9 77.4404416372675
8 24 9 77.92185065279563
8 25 9 78.40325966832374
8 26 9 78.88466868385187
8 27 9 79.36607769937999
8 28 9 79.84748671490811
8 30 9 80.81030474596436
8 31 9 81.29171376149247
8 20 10 86.6357
8 21 10 87.3404
8 22 10 87.9777
8 23 10 88.574
8 30 10 91.2427
8 15 10 84.7268796179843
8 16 10 85.16922356702766
8 17 10 85.61156751607102
8 18 10 86.0539114651144
8 19 10 86.49625541415776
8 24 10 88.7079751593746
8 25 10 89.15031910841797
8 26 10 89.59266305746134
8 27 10 90.03500700650471
8 28 10 90.47735095554808
8 29 10 90.91969490459145
8 31 10 91.80438280267819
8 32 10 92.24672675172155
8 33 10 92.68907070076492
8 34 10 93.13141464980829
8 22 11 98.1872
8 23 11 98.8241
8 24 11 99.4004
8 25 11 99.9187
8 31 11 101.8681
8 17 11 96.50395594036596
8 18 11 96.89592394782021
8 19 11 97.28789195527447
8 20 11 97.67985996272873
8 21 11 98.07182797018298
8 26 11 100.03166800745426
8 27 11 100.42363601490851
8 28 11 100.81560402236276
8 29 11 101.20757202981702
8 30 11 101.59954003727128
8 32 11 102.38347605217979
8 33 11 102.77544405963404
8 34 11 103.16741206708829
8 35 11 103.55938007454256
8 36 11 103.95134808199681
8 37 11 104.34331608945106
8 38 11 104.73528409690532
8 39 11 105.12725210435957
8 24 12 110.5329
8 25 12 111.1318
8 26 12 111.6765
8 27 12 112.1673
8 35 12 114.2691
8 19 12 109.26763316081649
8 20 12 109.58761968931242
8 21 12 109.90760621780834
8 22 12 110.22759274630427
8 23 12 110.5475792748002
8 28 12 112.14751191727983
8 29 12 112.46749844577575
8 30 12 112.78748497427168
8 31 12 113.10747150276761
8 32 12 113.42745803126353
8 33 12 113.74744455975946
8 34 12 114.06743108825538
8 36 12 114.70740414524724
8 37 12 115.02739067374316
8 38 12 115.34737720223909
8 39 12 115.66736373073502
8 40 12 115.98735025923094
8 41 12 116.30733678772687
8 27 13 123.9468
8 28 13 124.4662
8 29 13 124.9388
8 30 13 125.3628
8 36 13 126.7303
8 21 13 122.44834400021911
8 22 13 122.74174800021757
8 23 13 123.03515200021603
8 24 13 123.32855600021448
8 25 13 123.62196000021294
8 26 13 123.9153640002114
8 31 13 125.38238400020367
8 32 13 125.67578800020213
8 33 13 125.96919200020058
8 34 13 126.26259600019904
8 35 13 126.5560000001975
8 37 13 127.1428080001944
8 38 13 127.43621200019287
8 39 13 127.72961600019133
8 40 13 128.02302000018977
8 41 13 128.31642400018822
8 42 13 128.6098280001867
8 43 13 128.90323200018514
8 30 14 137.9417
8 31 14 138.4075
8 32 14 138.8332
8 33 14 139.2159
8 37 14 140.0453
8 22 14 135.8084253427118
8 23 14 136.0990191783267
8 24 14 136.38961301394158
8 25 14 136.68020684955647
8 26 14 136.97080068517135
8 27 14 137.26139452078624
8 28 14 137.55198835640113
8 29 14 137.84258219201604
8 34 14 139.29555137009046
8 35 14 139.58614520570538
8 36 14 139.87673904132026
8 38 14 140.45792671255003
8 39 14 140.74852054816492
8 40 14 141.0391143837798
8 41 14 141.32970821939472
8 42 14 141.6203020550096
8 43 14 141.9108958906245
8 44 14 142.20148972623937
8 45 14 142.49208356185426
8 32 15 153.0733
8 33 15 153.5878
8 34 15 154.0616
8 38 15 155.6032
8 45 15 157.0722
8 24 15 150.92049636494963
8 25 15 151.22365149680854
8 26 15 151.52680662866743
8 27 15 151.82996176052634
8 28 15 152.13311689238523
8 29 15 152.43627202424415
8 30 15 152.73942715610303
8 31 15 153.04258228796192
8 35 15 154.25520281539752
8 36 15 154.55835794725644
8 37 15 154.86151307911533
8 39 15 155.46782334283313
8 40 15 155.77097847469204
8 41 15 156.07413360655093
8 42 15 156.37728873840985
8 43 15 156.68044387026873
8 44 15 156.98359900212765
8 46 15 157.58990926584545
8 47 15 157.89306439770434
8 34 16 165.2335
8 36 16 166.0577
8 40 16 167.2784
8 41 16 167.5013
8 26 16 162.7401358781587
8 27 16 163.0616328247221
8 28 16 163.3831297712855
8 29 16 163.7046267178489
8 30 16 164.02612366441232
8 31 16 164.34762061097572
8 32 16 164.66911755753912
8 33 16 164.99061450410252
8 35 16 165.63360839722935
8 37 16 166.27660229035615
8 38 16 166.59809923691955
8 39 16 166.91959618348295
8 42 16 167.88408702317318
8 43 16 168.20558396973658
8 44 16 168.5270809163
8 45 16 168.8485778628634
8 46 16 169.1700748094268
8 47 16 169.4915717559902
8 48 16 169.8130687025536
8 49 16 170.13456564911704
8 37 17 179.3309
8 38 17 179.6963
8 39 17 180.023
8 40 17 180.3153
8 28 17 176.3974800003212
8 29 17 176.72547000031975
8 30 17 177.0534600003183
8 31 17 177.38145000031687
8 32 17 177.70944000031542
8 33 17 178.03743000031398
8 34 17 178.36542000031253
8 35 17 178.69341000031108
8 36 17 179.02140000030965
8 41 17 180.6613500003024
8 42 17 180.98934000030098
8 43 17 181.31733000029953
8 44 17 181.64532000029809
8 45 17 181.97331000029664
8 46 17 182.30130000029519
8 47 17 182.62929000029374
8 48 17 182.95728000029231
8 49 17 183.28527000029086
8 50 17 183.61326000028942
8 51 17 183.94125000028797
8 52 17 184.26924000028652
8 38 18 192.9533
8 40 18 193.6739
8 44 18 194.7074
8 46 18 195.0511
8 29 18 190.69751000035046
8 30 18 190.95896500034885
8 31 18 191.22042000034725
8 32 18 191.48187500034564
8 33 18 191.74333000034403
8 34 18 192.00478500034242
8 35 18 192.26624000034082
8 36 18 192.5276950003392
8 37 18 192.7891500003376
8 39 18 193.31206000033436
8 41 18 193.83497000033114
8 42 18 194.09642500032953
8 43 18 194.35788000032792
8 45 18 194.8807900003247
8 47 18 195.40370000032146
8 48 18 195.66515500031986
8 49 18 195.92661000031825
8 50 18 196.18806500031664
8 51 18 196.44952000031503
8 52 18 196.71097500031343
8 53 18 196.97243000031182
8 54 18 197.23388500031018
8 44 19 207.5353
8 45 19 207.731
8 48 19 208.158
8 50 19 208.3132
8 31 19 205.88232307730252
8 32 19 206.01261208828964
8 33 19 206.14290109927674
8 34 19 206.27319011026384
8 35 19 206.40347912125094
8 36 19 206.53376813223807
8 37 19 206.66405714322516
8 38 19 206.79434615421226
8 39 19 206.9246351651994
8 40 19 207.0549241761865
8 41 19 207.1852131871736
8 42 19 207.31550219816071
8 43 19 207.4457912091478
8 46 19 207.83665824210914
8 47 19 207.96694725309624
8 49 19 208.22752527507046
8 51 19 208.4881032970447
8 52 19 208.6183923080318
8 53 19 208.74868131901889
8 54 19 208.878970330006
8 55 19 209.0092593409931
8 56 19 209.1395483519802
8 57 19 209.26983736296734
8 58 19 209.40012637395444
8 59 19 209.53041538494153
8 40 20 219.5136
8 44 20 220.7242
8 46 20 221.1345
8 50 20 221.6066
8 33 20 218.23504038797464
8 34 20 218.4441807723101
8 35 20 218.65332115664552
8 36 20 218.86246154098097
8 37 20 219.07160192531643
8 38 20 219.28074230965186
8 39 20 219.4898826939873
8 41 20 219.9081634626582
8 42 20 220.11730384699365
8 43 20 220.3264442313291
8 45 20 220.744725
8 47 20 221.1630057686709
8 48 20 221.37214615300633
8 49 20 221.58128653734178
8 51 20 221.99956730601266
8 52 20 222.20870769034812
8 53 20 222.41784807468358
8 54 20 222.626988459019
8 55 20 222.83612884335446
8 56 20 223.04526922768991
8 57 20 223.25440961202537
8 58 20 223.4635499963608
8 59 20 223.67269038069625
8 60 20 223.8818307650317
8 61 20 224.09097114936714
8 43 21 234.0726
8 44 21 234.3583
8 46 21 234.8243
8 48 21 235.1695
8 35 21 232.36637626107228
8 36 21 232.5848932112038
8 37 21 232.80341016133528
8 38 21 233.0219271114668
8 39 21 233.2404440615983
8 40 21 233.4589610117298
8 41 21 233.6774779618613
8 42 21 233.89599491199283
8 45 21 234.55154576238735
8 47 21 234.98857966265035
8 49 21 235.42561356291336
8 50 21 235.64413051304487
8 51 21 235.8626474631764
8 52 21 236.08116441330787
8 53 21 236.2996813634394
8 54 21 236.5181983135709
8 55 21 236.7367152637024
8 56 21 236.9552322138339
8 57 21 237.17374916396543
8 58 21 237.3922661140969
8 59 21 237.61078306422843
8 60 21 237.82930001435994
8 61 21 238.04781696449143
8 62 21 238.26633391462295
8 63 21 238.48485086475446
8 46 22 247.8607
8 47 22 248.0561
8 48 22 248.2185
8 50 22 248.4556
8 52 22 248.589
8 37 22 246.84510000045563
8 38 22 246.96500344872956
8 39 22 247.0849068970035
8 40 22 247.20481034527745
8 41 22 247.32471379355138
8 42 22 247.4446172418253
8 43 22 247.56452069009924
8 44 22 247.68442413837317
8 45 22 247.8043275866471
8 49 22 248.28394137974286
8 51 22 248.52374827629072
8 53 22 248.76355517283858
8 54 22 248.8834586211125
8 55 22 249.00336206938644
8 56 22 249.12326551766037
8 57 22 249.2431689659343
8 58 22 249.36307241420826
8 59 22 249.4829758624822
8 60 22 249.60287931075612
8 61 22 249.72278275903005
8 62 22 249.84268620730398
8 63 22 249.96258965557791
8 64 22 250.08249310385185
8 65 22 250.20239655212578
8 47 23 261.186
8 50 23 261.6032
8 51 23 261.6816
8 55 23 261.7376
8 39 23 260.7788244279624
8 40 23 260.84463511498325
8 41 23 260.9104458020041
8 42 23 260.976256489025
8 43 23 261.04206717604586
8 44 23 261.10787786306673
8 45 23 261.1736885500876
8 46 23 261.2394992371085
8 48 23 261.3711206111502
8 49 23 261.4369312981711
8 52 23 261.6343633592337
8 53 23 261.7001740462546
8 54 23 261.76598473327545
8 56 23 261.8976061073172
8 57 23 261.96341679433806
8 58 23 262.02922748135893
8 59 23 262.0950381683798
8 60 23 262.1608488554007
8 61 23 262.22665954242154
8 62 23 262.2924702294424
8 63 23 262.3582809164633
8 64 23 262.42409160348416
8 65 23 262.48990229050503
8 66 23 262.5557129775259
8 67 23 262.62152366454677
8 43 24 272.1167
8 45 24 272.6418
8 50 24 273.3329
8 55 24 273.2687
8 41 24 272.1549083578507
8 42 24 272.2494072051109
8 44 24 272.4384048996315
8 46 24 272.62740259415204
8 47 24 272.72190144141234
8 48 24 272.8164002886726
8 49 24 272.9108991359329
8 51 24 273.0998968304534
8 52 24 273.1943956777137
8 53 24 273.288894524974
8 54 24 273.3833933722343
8 56 24 273.57239106675485
8 57 24 273.66688991401514
8 58 24 273.7613887612754
8 59 24 273.8558876085357
8 60 24 273.950386455796
8 61 24 274.0448853030562
8 62 24 274.1393841503165
8 63 24 274.2338829975768
8 64 24 274.32838184483705
8 65 24 274.42288069209735
8 66 24 274.51737953935765
8 67 24 274.61187838661795
8 68 24 274.7063772338782
8 69 24 274.8008760811385
8 70 24 274.8953749283988
8 50 25 285.7712
8 52 25 285.7822
8 55 25 285.5897
8 58 25 285.1607
8 43 25 286.40691768760337
8 44 25 286.32961836787314
8 45 25 286.2523190481429
8 46 25 286.1750197284127
8 47 25 286.09772040868245
8 48 25 286.0204210889522
8 49 25 285.943121769222
8 51 25 285.78852312976153
8 53 25 285.63392449030107
8 54 25 285.55662517057084
8 56 25 285.4020265311103
8 57 25 285.3247272113801
8 59 25 285.17012857191963
8 60 25 285.0928292521894
8 61 25 285.0155299324592
8 62 25 284.93823061272894
8 63 25 284.8609312929987
8 64 25 284.7836319732685
8 65 25 284.70633265353825
8 66 25 284.629033333808
8 67 25 284.5517340140778
8 68 25 284.47443469434756
8 69 25 284.39713537461733
8 70 25 284.3198360548871
8 71 25 284.2425367351569
8 72 25 284.16523741542665
8 73 25 284.08793809569636
8 47 26 298.2951
8 50 26 298.519
8 51 26 298.5282
8 52 26 298.5043
8 45 26 298.22897142912154
8 46 26 298.2755071434052
8 48 26 298.3685785719725
8 49 26 298.41511428625614
8 53 26 298.60125714339074
8 54 26 298.64779285767435
8 55 26 298.694328571958
8 56 26 298.7408642862416
8 57 26 298.7874000005253
8 58 26 298.83393571480894
8 59 26 298.88047142909255
8 60 26 298.9270071433762
8 61 26 298.9735428576599
8 62 26 299.0200785719435
8 63 26 299.06661428622715
8 64 26 299.1131500005108
8 65 26 299.1596857147944
8 66 26 299.2062214290781
8 67 26 299.2527571433617
8 68 26 299.29929285764536
8 69 26 299.345828571929
8 70 26 299.3923642862126
8 71 26 299.4389000004963
8 72 26 299.48543571477995
8 73 26 299.53197142906356
8 74 26 299.5785071433472
8 75 26 299.62504285763083
8 76 26 299.6715785719145
8 50 27 310.5225
8 51 27 310.4936
8 52 27 310.432
8 53 27 310.3411
8 47 27 310.7199100005732
8 48 27 310.65933000057083
8 49 27 310.59875000056854
8 54 27 310.29585000055687
8 55 27 310.2352700005545
8 56 27 310.17469000055223
8 57 27 310.1141100005499
8 58 27 310.05353000054754
8 59 27 309.9929500005452
8 60 27 309.9323700005429
8 61 27 309.87179000054056
8 62 27 309.8112100005382
8 63 27 309.75063000053586
8 64 27 309.6900500005336
8 65 27 309.6294700005312
8 66 27 309.5688900005289
8 67 27 309.5083100005266
8 68 27 309.44773000052425
8 69 27 309.3871500005219
8 70 27 309.32657000051955
8 71 27 309.26599000051726
8 72 27 309.2054100005149
8 73 27 309.14483000051257
8 74 27 309.0842500005103
8 75 27 309.02367000050793
8 76 27 308.9630900005056
8 77 27 308.90251000050324
8 78 27 308.84193000050095
8 51 28 325.6111
8 55 28 325.3351
8 58 28 324.8168
8 60 28 324.3391
8 65 28 321.5998
8 48 28 327.08807888147305
8 49 28 326.80770144464714
8 50 28 326.5273240078212
8 52 28 325.96656913416945
8 53 28 325.68619169734353
8 54 28 325.4058142605176
8 56 28 324.84505938686584
8 57 28 324.5646819500399
8 59 28 324.0039270763881
8 61 28 323.4431722027363
8 62 28 323.1627947659104
8 63 28 322.88241732908455
8 64 28 322.60203989225863
8 66 28 322.0412850186068
8 67 28 321.7609075817809
8 68 28 321.480530144955
8 69 28 321.2001527081291
8 70 28 320.9197752713032
8 71 28 320.63939783447734
8 72 28 320.3590203976514
8 73 28 320.0786429608255
8 74 28 319.7982655239996
8 75 28 319.5178880871737
8 76 28 319.2375106503478
8 77 28 318.9571332135219
8 78 28 318.676755776696
8 79 28 318.39637833987007
8 80 28 318.1160009030442
8 81 28 317.8356234662183
8 82 28 317.5552460293924
